Simulation for SPCE water for GTRC mixture2014-08-27 22:22:19
pair:0-0
0.99805
1.04053
1.03646
1.02173
1.00566
0.98372
0.96652
0.95508
0.95421
0.95381
0.95907
0.96663
0.97784
0.99079
1.00658
1.02496
1.04199
1.06006
1.07818
1.09653
1.11463
1.13281
1.15031
1.16724
1.18426
1.20095
1.21662
1.23221
1.24734
1.26185
1.2763
1.29025
1.30356
1.31669
1.32924
1.34139
1.35325
1.36475
1.37578
1.38647
1.39691
1.40737
1.41731
1.42685
1.43618
1.44521
1.45402
1.46261
1.47096
1.47902
1.48686
1.49444
1.50192
1.50893
1.51577
1.52236
1.52875
1.535
1.54108
1.54699
1.55283
1.55848
1.56411
1.56955
1.57488
1.57999
1.58498
1.58977
1.59446
1.59915
1.60367
1.6081
1.61244
1.61659
1.62062
1.62459
1.62845
1.63222
1.63595
1.63964
1.64324
1.64675
1.65017
1.65354
1.65688
1.66009
1.66321
1.66624
1.66921
1.67211
1.67503
1.67786
1.68065
1.68347
1.68623
1.68889
1.69155
1.69408
1.69658
1.69906
1.70147
1.7038
1.70613
1.70841
1.71061
1.71273
1.71486
1.71693
1.71893
1.72085
1.72281
1.72469
1.72646
1.72821
1.72998
1.73173
1.73344
1.73516
1.73684
1.73844
1.73997
1.74144
1.7428
1.74418
1.74558
1.74686
1.74815
1.74946
1.75067
1.75186
1.75292
1.75404
1.75501
1.75595
1.75673
1.7574
1.75801
1.75849
1.75884
1.75888
1.75884
1.75856
1.75834
1.75796
1.7573
1.75649
1.75533
1.75404
1.75245
1.75063
1.74869
1.74645
1.74382
1.74128
1.73832
1.73531
1.73227
1.72921
1.72591
1.72255
1.71924
1.71566
1.71234
1.7091
1.70573
1.70264
1.69952
1.69642
1.69355
1.69078
1.68796
1.68546
1.68298
1.68071
1.67867
1.67683
1.67509
1.67348
1.67207
1.67093
1.66994
1.66924
1.66873
1.66821
1.66796
1.66792
1.66799
1.66823
1.66842
1.66869
1.66902
1.66958
1.6702
1.67088
1.67155
1.67238
1.67326
1.67411
1.6751
1.67607
1.67711
1.67814
1.67917
1.68023
1.68133
1.6824
1.68349
1.68456
1.68562
1.68669
1.68778
1.6889
1.69001
1.69116
1.69226
1.69338
1.6945
1.69566
1.69681
1.69791
1.69901
1.70009
1.7012
1.7023
1.70342
1.70453
1.70565
1.70675
1.70783
1.70891
1.70997
1.71103
1.71209
1.71312
1.71415
1.71518
1.7162
1.71719
1.71818
1.71917
1.72016
1.72114
1.72213
1.7231
1.72408
1.72504
1.726
1.72693
1.72787
1.72881
1.72973
1.73065
1.73158
1.73251
1.73342
1.73431
1.73521
1.73608
1.73696
1.73781
1.73866
1.73953
1.74036
1.74116
1.74197
1.74277
1.74359
1.74434
1.74512
1.74592
1.74667
1.7474
1.74816
1.74889
1.7496
1.75031
1.75102
1.7517
1.75238
1.75303
1.75369
1.75431
1.75491
1.75549
1.75605
1.75661
1.75713
1.75759
1.75802
1.75834
1.75866
1.75891
1.75907
1.75925
1.75938
1.75943
1.75942
1.75932
1.75917
1.75893
1.7585
1.7581
1.75771
1.75723
1.75658
1.75581
1.75508
1.75427
1.7535
1.75263
1.75167
1.75065
1.7497
1.74867
1.74763
1.74659
1.74552
1.74448
1.74345
1.7424
1.74146
1.74051
1.73962
1.73877
1.73797
1.73721
1.73648
1.73583
1.73522
1.73468
1.73422
1.73382
1.73349
1.73317
1.73293
1.73274
1.73267
1.73268
1.73274
1.73283
1.73297
1.73311
1.73332
1.7336
1.73389
1.73426
1.73463
1.73496
1.73532
1.73574
1.73621
1.73669
1.73715
1.73766
1.73822
1.73871
1.73925
1.73975
1.74032
1.74087
1.74144
1.74201
1.7426
1.74319
1.74374
1.7443
1.74488
1.74545
1.74606
1.74666
1.74724
1.74781
1.74841
1.74901
1.7496
1.75018
1.75078
1.75137
1.75198
1.75257
1.75317
1.75375
1.75434
1.75491
1.75549
1.75606
1.75664
1.75721
1.75777
1.75834
1.75891
1.75946
1.76002
1.76057
1.76111
1.76164
1.76218
1.76271
1.76327
1.76381
1.76434
1.76487
1.7654
1.76591
1.76642
1.76692
1.76742
1.76793
1.76842
1.76892
1.76942
1.7699
1.77039
1.77086
1.77136
1.77183
1.77231
1.77277
1.77326
1.77372
1.77419
1.77464
1.77507
1.77551
1.77595
1.77638
1.7768
1.7772
1.7776
1.77801
1.77839
1.77875
1.77911
1.77946
1.77982
1.78018
1.78049
1.78077
1.78104
1.78129
1.78149
1.78168
1.78185
1.78198
1.78209
1.78217
1.78217
1.78213
1.78208
1.78199
1.78192
1.78181
1.78164
1.78153
1.78131
1.78105
1.78074
1.78036
1.77998
1.77962
1.77922
1.77878
1.77837
1.77794
1.77753
1.77706
1.7766
1.77615
1.7757
1.77525
1.77483
1.77447
1.77406
1.77366
1.77329
1.77295
1.77264
1.77234
1.77204
1.77177
1.77158
1.7714
1.77118
1.77103
1.77094
1.77089
1.77085
1.77086
1.77086
1.77092
1.77103
1.77117
1.77131
1.77147
1.77165
1.77186
1.77208
1.77234
1.7726
1.77285
1.77313
1.7734
1.77372
1.77402
1.77435
1.77466
1.775
1.77532
1.77566
1.776
1.77634
1.77669
1.77705
1.77739
1.77775
1.77812
1.7785
1.77886
1.77923
1.77959
1.77996
1.78032
1.78068
1.78105
1.78142
1.7818
1.78218
1.78255
1.78291
1.78328
1.78363
1.784
1.78437
1.78474
1.78509
1.78544
1.78579
1.78615
1.7865
1.78686
1.78722
1.78758
1.78793
1.78828
1.78864
1.78899
1.78934
1.78969
1.79004
1.79039
1.79072
1.79107
1.79143
1.79178
1.79213
1.79247
1.79281
1.79314
1.79347
1.7938
1.79414
1.79445
1.79477
1.7951
1.79541
1.79573
1.79604
1.79635
1.79665
1.79695
1.79724
1.79753
1.79784
1.79814
1.79842
1.79872
1.799
1.79929
1.79956
1.79982
1.80009
1.80032
1.80054
1.80076
1.80097
1.80116
1.80138
1.80156
1.80171
1.80188
1.802
1.8021
1.80221
1.80229
1.80236
1.80241
1.80239
1.80238
1.80239
1.80232
1.80227
1.80221
1.80211
1.80203
1.8019
1.80175
1.80157
1.80143
1.80127
1.80106
1.80086
1.80066
1.80046
1.80024
1.80004
1.79981
1.7996
1.79939
1.7992
1.79896
1.7988
1.79867
1.79851
1.79835
1.79818
1.79807
1.79795
1.79786
1.7978
1.79767
1.79761
1.7976
1.79759
1.7976
1.79759
1.7976
1.79766
1.79772
1.79782
1.79792
1.79803
1.79815
1.7983
1.79845
1.79859
1.79873
1.79892
1.79908
1.79929
1.79947
1.79967
1.79986
1.80004
1.80024
1.80043
1.80065
1.80087
1.80109
1.80132
1.80155
1.80177
1.802
1.80221
1.80243
1.80267
1.80291
1.80315
1.80339
1.80362
1.80386
1.80409
1.80433
1.80456
1.80482
1.80507
1.80533
1.80557
1.80583
1.80608
1.80632
1.80657
1.80682
1.80708
1.80732
1.80757
1.80781
1.80806
1.8083
1.80855
1.80879
1.80903
1.80927
1.80951
1.80974
1.80998
1.81023
1.81047
1.8107
1.81094
1.81118
1.81142
1.81165
1.81188
1.81211
1.81234
1.81257
1.81279
1.81302
1.81324
1.81346
1.81368
1.81389
1.8141
1.81431
1.81452
1.81473
1.81493
1.81514
1.81534
1.81554
1.81575
1.81595
1.81615
1.81631
1.81649
1.81666
1.81684
1.81701
1.81716
1.81731
1.81746
1.81761
1.81775
1.81787
1.818
1.8181
1.8182
1.81829
1.81836
1.81842
1.81847
1.8185
1.81854
1.81857
1.81858
1.81861
1.8186
1.8186
1.81857
1.81852
1.81846
1.81841
1.81833
1.81827
1.8182
1.81811
1.81803
1.81795
1.81789
1.81778
1.81766
1.81756
1.81746
1.81738
1.81727
1.81716
1.81707
1.81699
1.81693
1.81688
1.8168
1.81675
1.81672
1.81672
1.81669
1.81668
1.81667
1.81669
1.81673
1.81676
1.81682
1.81684
1.8169
1.81697
1.81703
1.81712
1.8172
1.81727
1.81736
1.81745
1.81756
1.81769
1.81782
1.81793
1.81805
1.81817
1.81832
1.81847
1.81862
1.81875
1.8189
1.81906
1.81922
1.81938
1.81954
1.81971
1.81987
1.82005
1.82021
1.82037
1.82054
1.82071
1.82088
1.82106
1.82123
1.8214
1.82158
1.82175
1.82193
1.82211
1.8223
1.82249
1.82268
1.82287
1.82306
1.82324
1.82342
1.8236
1.82379
1.82397
1.82414
1.82432
1.8245
1.82467
1.82484
1.82503
1.8252
1.82538
1.82555
1.82573
1.82591
1.82608
1.82626
1.82642
1.8266
1.82678
1.82696
1.82713
1.8273
1.82748
1.82764
1.82781
1.82797
1.82813
1.82829
1.82845
1.82861
1.82877
1.82893
1.82908
1.82923
1.82938
1.82953
1.82968
1.82983
1.82997
1.83012
1.83026
1.83039
1.8305
1.83062
1.83074
1.83086
1.83097
1.83108
1.83118
1.83128
1.83138
1.83146
1.83155
1.83164
1.83172
1.83179
1.83185
1.83189
1.83195
1.83199
1.83204
1.83208
1.83211
1.83213
1.83217
1.83219
1.83221
1.8322
1.8322
1.8322
1.8322
1.83217
1.83214
1.83215
1.83213
1.83211
1.83208
1.83207
1.83205
1.83201
1.832
1.83197
1.83195
1.83193
1.83191
1.83191
1.83192
1.83192
1.83195
1.83195
1.83197
1.83198
1.83202
1.83205
1.8321
1.83213
1.83219
1.83223
1.83227
1.83233
1.83239
1.83244
1.83248
1.83254
1.83261
1.83268
1.83276
1.83283
1.83293
1.83303
1.83312
1.83323
1.83334
1.83345
1.83356
1.83368
1.83379
1.8339
1.83402
1.83414
1.83425
1.83437
1.8345
1.83462
1.83473
1.83486
1.83498
1.8351
1.83522
1.83535
1.83547
1.83561
1.83575
1.83588
1.83601
1.83614
1.83627
1.83641
1.83655
1.83668
1.8368
1.83694
1.83707
1.83721
1.83735
1.83749
1.83762
1.83777
1.83789
1.83803
1.83816
1.8383
1.83844
1.83857
1.83871
1.83885
1.83899
1.83912
1.83925
1.83938
1.83952
1.83965
1.83979
1.83992
1.84006
1.84019
1.84033
1.84046
1.84059
1.84072
1.84084
1.84096
1.8411
1.84122
1.84136
1.8415
1.84162
1.84174
1.84186
1.84198
1.84209
1.84222
1.84233
1.84245
1.84255
1.84266
1.84275
1.84285
1.84294
1.84303
1.84311
1.84321
1.8433
1.84337
1.84346
1.84354
1.84361
1.84366
1.84372
1.84379
1.84386
1.84392
1.84397
1.84401
1.84403
1.84407
1.84412
1.84415
1.84417
1.8442
1.84423
1.84425
1.84427
1.84428
1.8443
1.84431
1.84433
1.84434
1.84435
1.84436
1.84439
1.8444
1.84442
1.84445
1.84447
1.84449
1.84453
1.84456
1.84459
1.84461
1.84464
1.84467
1.84471
1.84475
1.84478
1.84481
1.84484
1.84488
1.84493
1.84497
1.84503
1.84509
1.84514
1.84521
1.84528
1.84534
1.84541
1.84548
1.84555
1.84562
1.84569
1.84577
1.84585
1.84591
1.84599
1.84607
1.84616
1.84626
1.84635
1.84644
1.84653
1.84661
1.84672
1.84682
1.84692
1.84702
1.84712
1.84722
1.84732
1.84743
1.84754
1.84764
1.84774
1.84785
1.84797
1.84808
1.84819
1.84829
1.8484
1.8485
1.8486
1.8487
1.84882
1.84893
1.84903
1.84914
1.84925
1.84937
1.84947
1.84958
1.84968
1.84978
1.84989
1.85
1.85011
1.85022
1.85033
1.85044
1.85055
1.85066
1.85077
1.85087
1.85098
1.85109
1.8512
1.8513
1.85141
1.85152
1.85162
1.85172
1.85182
1.85192
1.85203
1.85213
1.85223
1.85234
1.85244
1.85254
1.85264
1.85273
1.85283
1.85293
1.85302
1.85312
1.85322
1.85331
1.85339
1.85348
1.85357
1.85365
1.85373
1.85381
1.85387
1.85395
1.85402
1.8541
1.85416
1.85422
1.85428
1.85434
1.85441
1.85447
1.85452
1.85456
1.85461
1.85466
1.8547
1.85474
1.85478
1.85481
1.85486
1.85489
1.85491
1.85492
1.85494
1.85497
1.855
1.85505
1.85508
1.85511
1.85514
1.85517
1.85519
1.85521
1.85524
1.85525
1.85526
1.85527
1.85528
1.85531
1.85534
1.85537
1.8554
1.85542
1.85546
1.85549
1.85554
1.85559
1.85564
1.85569
1.85574
1.85578
1.85584
1.85588
1.85593
1.85598
1.85604
1.85612
1.85619
1.85626
1.85633
1.8564
1.85647
1.85654
1.85661
1.85668
1.85676
1.85683
1.85691
1.85699
1.85706
1.85713
1.85721
1.85729
1.85737
1.85746
1.85754
1.85762
1.85771
1.8578
1.85788
1.85796
1.85804
1.85813
1.85821
1.8583
1.85838
1.85847
1.85856
1.85864
1.85872
1.85881
1.8589
1.85899
1.85908
1.85917
1.85926
1.85935
1.85944
1.85953
1.85961
1.8597
1.85979
1.85989
1.85999
1.86008
1.86017
1.86026
1.86034
1.86043
1.86053
1.86062
1.86072
1.86081
1.86089
1.86098
1.86107
1.86116
1.86125
1.86134
1.86143
1.86151
1.8616
1.86168
1.86178
1.86186
1.86195
1.86203
1.8621
1.86218
1.86226
1.86233
1.86241
1.86248
1.86255
1.86262
1.8627
1.86277
1.86284
1.86291
1.86298
1.86305
1.86311
1.86317
1.86323
1.86328
1.86333
1.86339
1.86344
1.8635
1.86355
1.86361
1.86365
1.86369
1.86374
1.86379
1.86384
1.86389
1.86393
1.86397
1.86401
1.86405
1.8641
1.86413
1.86418
1.86422
1.86426
1.86429
1.86432
1.86434
1.86438
1.86443
1.86446
1.8645
1.86453
1.86456
1.86458
1.86462
1.86466
1.86467
1.8647
1.86473
1.86476
1.86481
1.86485
1.86489
1.86492
1.86495
1.865
1.86503
1.86506
1.8651
1.86514
1.86519
1.86523
1.86527
1.86532
1.86536
1.86542
1.86547
1.86553
1.86558
1.86563
1.86568
1.86574
1.86581
1.86587
1.86593
1.86599
1.86604
1.8661
1.86615
1.86622
1.86628
1.86634
1.86641
1.86647
1.86653
1.8666
1.86668
1.86675
1.86682
1.86689
1.86696
1.86702
1.8671
1.86717
1.86724
1.86731
1.86738
1.86745
1.86752
1.8676
1.86767
1.86776
1.86784
1.86792
1.86801
1.86809
1.86816
1.86823
1.86831
1.86839
1.86846
1.86853
1.86861
1.86869
1.86876
1.86883
1.8689
1.86897
1.86905
1.86912
1.8692
1.86927
1.86934
1.86941
1.86948
1.86957
1.86964
1.86971
1.86978
1.86985
1.86992
1.86999
1.87005
1.87012
1.8702
1.87027
1.87034
1.87041
1.87048
1.87054
1.87061
1.87067
1.87073
1.8708
1.87086
1.87093
1.871
1.87106
1.87111
1.87118
1.87124
1.87129
1.87135
1.8714
1.87145
1.87151
1.87155
1.8716
1.87164
1.87168
1.87173
1.87176
1.87181
1.87183
1.87187
1.8719
1.87193
1.87197
1.872
1.87204
1.87208
1.87211
1.87214
1.87218
1.8722
1.87222
1.87226
1.87228
1.87232
1.87234
1.87237
1.8724
1.87241
1.87243
1.87246
1.87249
1.87251
1.87253
1.87255
1.87258
1.87261
1.87264
1.87267
1.87271
1.87274
1.87278
1.87282
1.87285
1.87289
1.87293
1.87296
1.873
1.87304
1.87307
1.87311
1.87315
1.87319
1.87323
1.87327
1.87332
1.87337
1.87342
1.87347
1.87351
1.87355
1.87359
1.87364
1.87369
1.87375
1.8738
1.87386
1.87392
1.87397
1.87403
1.87408
1.87414
1.87419
1.87425
1.87431
1.87436
1.87442
1.87449
1.87455
1.87461
1.87468
1.87474
1.8748
1.87486
1.87492
1.87498
1.87505
1.87511
1.87518
1.87524
1.8753
1.87537
1.87543
1.8755
1.87556
1.87563
1.87569
1.87575
1.87581
1.87588
1.87594
1.87601
1.87607
1.87614
1.87621
1.87627
1.87634
1.87641
1.87647
1.87654
1.8766
1.87666
1.87672
1.87678
1.87684
1.8769
1.87695
1.87701
1.87707
1.87712
1.87718
1.87724
1.8773
1.87736
1.87742
1.87748
1.87753
1.87759
1.87764
1.87769
1.87774
1.87779
1.87785
1.8779
1.87795
1.87799
1.87803
1.87808
1.87813
1.87818
1.87822
1.87826
1.87831
1.87835
1.87839
1.87844
1.87848
1.87852
1.87856
1.8786
1.87864
1.87867
1.8787
1.87874
1.87876
1.8788
1.87883
1.87886
1.87888
1.87892
1.87896
1.87899
1.87901
1.87904
1.87907
1.87909
1.87912
1.87915
1.87919
1.87921
1.87924
1.87926
1.8793
1.87933
1.87936
1.87938
1.87941
1.87946
1.87949
1.87952
1.87955
1.87958
1.87962
1.87965
1.87969
1.87973
1.87976
1.87979
1.87982
1.87986
1.8799
1.87993
1.87997
1.88
1.88005
1.88009
1.88013
1.88017
1.88022
1.88026
1.88032
1.88036
1.88041
1.88046
1.8805
1.88054
1.88059
1.88064
1.88069
1.88075
1.8808
1.88085
1.8809
1.88094
1.88099
1.88105
1.8811
1.88114
1.88119
1.88125
1.8813
1.88135
1.88141
1.88146
1.88151
1.88156
1.88161
1.88166
1.88171
1.88176
1.88182
1.88187
1.88192
1.88198
1.88203
1.88208
1.88213
1.88218
1.88223
1.88228
1.88233
1.88239
1.88244
1.88249
1.88255
1.8826
1.88265
1.8827
1.88275
1.8828
1.88284
1.88289
1.88294
1.88299
1.88304
1.88309
1.88313
1.88317
1.88322
1.88327
1.88332
1.88336
1.8834
1.88344
1.88348
1.88352
1.88357
1.88361
1.88365
1.88369
1.88373
1.88377
1.88381
1.88386
1.88389
1.88393
1.88398
1.88402
1.88408
1.88412
1.88416
1.88419
1.88423
1.88426
1.8843
1.88433
1.88437
1.88439
1.88442
1.88446
1.88449
1.88451
1.88455
1.88458
1.88461
1.88465
1.88467
1.8847
1.88473
1.88476
1.88479
1.8848
1.88483
1.88486
1.88489
1.88492
1.88494
1.88496
1.88499
1.88501
1.88503
1.88506
1.88508
1.88511
1.88514
1.88517
1.88519
1.88522
1.88525
1.88527
1.8853
1.88534
1.88536
1.88539
1.88542
1.88544
1.88547
1.88549
1.88552
1.88556
1.88559
1.88563
1.88567
1.8857
1.88574
1.88577
1.88581
1.88585
1.88588
1.88592
1.88597
1.88602
1.88606
1.8861
1.88614
1.88618
1.88623
1.88627
1.88632
1.88636
1.88641
1.88645
1.8865
1.88654
1.88658
1.88662
1.88666
1.88671
1.88675
1.88679
1.88683
1.88688
1.88692
1.88697
1.88701
1.88706
1.88711
1.88716
1.88721
1.88725
1.8873
1.88735
1.88739
1.88744
1.88749
1.88753
1.88758
1.88763
1.88767
1.88772
1.88776
1.88781
1.88786
1.88791
1.88796
1.88801
1.88805
1.8881
1.88814
1.88818
1.88823
1.88828
1.88832
1.88837
1.88841
1.88846
1.8885
1.88855
1.8886
1.88864
1.88868
1.88873
1.88877
1.88881
1.88885
1.88889
1.88893
1.88897
1.88901
1.88905
1.88909
1.88914
1.88918
1.8892
1.88925
1.88929
1.88933
1.88936
1.8894
1.88944
1.88947
1.88951
1.88954
1.88957
1.8896
1.88964
1.88967
1.8897
1.88973
1.88977
1.88979
1.88982
1.88986
1.88989
1.88993
1.88995
1.88998
1.89002
1.89005
1.89008
1.89011
1.89014
1.89017
1.8902
1.89022
1.89025
1.89027
1.89031
1.89033
1.89036
1.89039
1.89041
1.89044
1.89046
1.89049
1.89053
1.89056
1.89059
1.89063
1.89066
1.89068
1.89072
1.89075
1.89077
1.8908
1.89084
1.89086
1.8909
1.89093
1.89096
1.891
1.89104
1.89107
1.8911
1.89113
1.89117
1.8912
1.89124
1.89127
1.8913
1.89133
1.89136
1.8914
1.89143
1.89146
1.8915
1.89153
1.89157
1.89161
1.89164
1.89168
1.89172
1.89176
1.8918
1.89184
1.89188
1.89192
1.89196
1.892
1.89204
1.89209
1.89213
1.89217
1.89221
1.89225
1.89229
1.89234
1.89238
1.89242
1.89246
1.8925
1.89254
1.89258
1.89262
1.89266
1.8927
1.89274
1.89278
1.89282
1.89285
1.89289
1.89293
1.89297
1.89302
1.89306
1.8931
1.89314
1.89318
1.89323
1.89327
1.89331
1.89335
1.89338
1.89342
1.89346
1.8935
1.89353
1.89357
1.89361
1.89365
1.89369
1.89373
1.89376
1.89379
1.89383
1.89386
1.8939
1.89393
1.89396
1.89399
1.89403
1.89406
1.8941
1.89413
1.89417
1.8942
1.89424
1.89426
1.89429
1.89432
1.89435
1.89438
1.89441
1.89444
1.89446
1.89449
1.89451
1.89454
1.89457
1.8946
1.89463
1.89466
1.89469
1.89472
1.89474
1.89476
1.89479
1.89481
1.89484
1.89486
1.89489
1.89491
1.89493
1.89496
1.89499
1.895
1.89503
1.89505
1.89508
1.8951
1.89513
1.89515
1.89518
1.8952
1.89523
1.89525
1.89527
1.8953
1.89533
1.89536
1.8954
1.89543
1.89545
1.89549
1.89551
1.89554
1.89556
1.89559
1.89562
1.89566
1.89568
1.89571
1.89574
1.89578
1.89581
1.89585
1.89588
1.89591
1.89594
1.89597
1.896
1.89603
1.89606
1.89609
1.89613
1.89616
1.89619
1.89623
1.89626
1.89629
1.89632
1.89635
1.89639
1.89642
1.89646
1.8965
1.89653
1.89657
1.8966
1.89664
1.89667
1.89671
1.89675
1.89678
1.89681
1.89684
1.89688
1.89692
1.89695
1.89699
1.89702
1.89706
1.89709
1.89713
1.89716
1.89719
1.89723
1.89726
1.8973
1.89733
1.89737
1.8974
1.89743
1.89747
1.8975
1.89754
1.89757
1.89761
1.89764
1.89768
1.89771
1.89774
1.89778
1.89781
1.89784
1.89788
1.89791
1.89795
1.89798
1.89801
1.89804
1.89807
1.8981
1.89813
1.89816
1.89819
1.89822
1.89826
1.89829
1.89832
1.89835
1.89838
1.89841
1.89844
1.89846
1.89849
1.89852
1.89855
1.89857
1.8986
1.89862
1.89865
1.89867
1.8987
1.89872
1.89875
1.89877
1.8988
1.89882
1.89885
1.89887
1.89889
1.89892
1.89894
1.89895
1.89897
1.899
1.89901
1.89904
1.89906
1.89909
1.8991
1.89913
1.89915
1.89917
1.8992
1.89922
1.89925
1.89928
1.8993
1.89932
1.89934
1.89937
1.89939
1.89941
1.89944
1.89946
1.89948
1.89951
1.89954
1.89956
1.89959
1.89962
1.89964
1.89967
1.89969
1.89972
1.89974
1.89977
1.89979
1.89982
1.89985
1.89988
1.8999
1.89993
1.89996
1.89998
1.90002
1.90005
1.90008
1.9001
1.90014
1.90016
1.90019
1.90022
1.90026
1.90029
1.90032
1.90034
1.90037
1.9004
1.90044
1.90047
1.9005
1.90053
1.90056
1.9006
1.90063
1.90066
1.9007
1.90072
1.90076
1.90079
1.90082
1.90085
1.90088
1.90092
1.90095
1.90098
1.90101
1.90105
1.90108
1.90111
1.90114
1.90118
1.90121
1.90124
1.90127
1.9013
1.90133
1.90137
1.9014
1.90143
1.90146
1.90149
1.90153
1.90156
1.90159
1.90162
1.90166
1.90169
1.90172
1.90175
1.90178
1.9018
1.90183
1.90186
1.90189
1.90192
1.90194
1.90196
1.90199
1.90202
1.90205
1.90207
1.90209
1.90212
1.90215
1.90217
1.9022
1.90223
1.90226
1.90229
1.90232
1.90234
1.90237
1.9024
1.90243
1.90245
1.90248
1.9025
1.90252
1.90255
1.90257
1.9026
1.90262
1.90265
1.90267
1.90269
1.90271
1.90273
1.90275
1.90277
1.90279
1.90281
1.90283
1.90285
1.90287
1.90289
1.90291
1.90292
1.90294
1.90296
1.90298
1.903
1.90302
1.90304
1.90305
1.90307
1.90309
1.90311
1.90313
1.90315
1.90317
1.90318
1.9032
1.90323
1.90325
1.90327
1.9033
1.90332
1.90335
1.90337
1.9034
1.90342
1.90345
1.90347
1.9035
1.90352
1.90355
1.90357
1.90359
1.90362
1.90364
1.90366
1.90368
1.90371
1.90373
1.90375
1.90378
1.90381
1.90383
1.90386
1.90389
1.90392
1.90394
1.90398
1.90401
1.90404
1.90406
1.90409
1.90413
1.90415
1.90418
1.90421
1.90423
1.90426
1.90429
1.90431
1.90434
1.90437
1.9044
1.90443
1.90446
1.90449
1.90452
1.90455
1.90458
1.90461
1.90464
1.90467
1.9047
1.90474
1.90476
1.90479
1.90482
1.90484
1.90488
1.90491
1.90494
1.90497
1.905
1.90502
1.90505
1.90508
1.90511
1.90513
1.90516
1.90519
1.90521
1.90524
1.90527
1.90529
1.90532
1.90534
1.90537
1.90539
1.90541
1.90544
1.90546
1.90548
1.90551
1.90554
1.90556
1.90559
1.90562
1.90564
1.90567
1.90569
1.90572
1.90574
1.90576
1.90579
1.90581
1.90583
1.90586
1.90588
1.9059
1.90593
1.90595
1.90597
1.90599
1.90602
1.90604
1.90606
1.90607
1.90609
1.90611
1.90613
1.90615
1.90617
1.90619
1.9062
1.90622
1.90624
1.90625
1.90627
1.90629
1.90631
1.90632
1.90634
1.90636
1.90638
1.9064
1.90642
1.90643
1.90645
1.90647
1.90649
1.9065
1.90652
1.90654
1.90655
1.90658
1.9066
1.90662
1.90664
1.90666
1.90668
1.9067
1.90672
1.90673
1.90675
1.90677
1.90678
1.9068
1.90682
1.90684
1.90685
1.90688
1.90689
1.90691
1.90693
1.90695
1.90698
1.907
1.90702
1.90705
1.90707
1.90709
1.90712
1.90714
1.90716
1.90719
1.90721
1.90723
1.90725
1.90727
1.9073
1.90732
1.90734
1.90737
1.9074
1.90742
1.90745
1.90748
1.9075
1.90753
1.90755
1.90758
1.9076
1.90763
1.90765
1.90768
1.90771
1.90774
1.90777
1.90779
1.90782
1.90784
1.90787
1.9079
1.90792
1.90794
1.90796
1.90799
1.90801
1.90804
1.90806
1.90809
1.90812
1.90814
1.90817
1.90819
1.90821
1.90824
1.90826
1.90829
1.90831
1.90833
1.90836
1.90838
1.90841
1.90843
1.90846
1.90848
1.9085
1.90852
1.90854
1.90857
1.90859
1.90861
1.90863
1.90865
1.90867
1.90869
1.90871
1.90873
1.90875
1.90877
1.90879
1.90881
1.90883
1.90886
1.90888
1.9089
1.90892
1.90894
1.90896
1.90898
1.909
1.90903
1.90904
1.90906
1.90908
1.9091
1.90912
1.90914
1.90915
1.90918
1.90919
1.90921
1.90923
1.90925
1.90926
1.90928
1.90929
1.90931
1.90933
1.90935
1.90936
1.90938
1.90939
1.90941
1.90943
1.90944
1.90946
1.90947
1.90949
1.90951
1.90953
1.90955
1.90957
1.90958
1.9096
1.90962
1.90964
1.90966
1.90968
1.9097
1.90972
1.90974
1.90976
1.90977
1.90979
1.90981
1.90983
1.90985
1.90987
1.90989
1.90991
1.90993
1.90995
1.90997
1.90999
1.91001
1.91003
1.91005
1.91008
1.9101
1.91012
1.91014
1.91016
1.91019
1.9102
1.91022
1.91024
1.91027
1.91029
1.91031
1.91034
1.91036
1.91038
1.91041
1.91043
1.91046
1.91048
1.9105
1.91052
1.91055
1.91057
1.91059
1.91061
1.91063
1.91065
1.91068
1.9107
1.91072
1.91075
1.91077
1.91079
1.91082
1.91084
1.91086
1.91089
1.91091
1.91093
1.91096
1.91098
1.911
1.91102
1.91104
1.91106
1.91109
1.9111
1.91112
1.91114
1.91116
1.91118
1.9112
1.91123
1.91125
1.91127
1.91129
1.91131
1.91134
1.91136
1.91138
1.9114
1.91142
1.91144
1.91146
1.91148
1.91149
1.91151
1.91153
1.91155
1.91157
1.91159
1.91161
1.91163
1.91165
1.91167
1.91169
1.9117
1.91172
1.91175
1.91177
1.91179
1.91181
1.91183
1.91184
1.91186
1.91188
1.9119
1.91191
1.91193
1.91195
1.91196
1.91198
1.91199
1.91201
1.91202
1.91203
1.91205
1.91206
1.91208
1.91208
1.9121
1.91212
1.91213
1.91215
1.91217
1.91218
1.9122
1.91222
1.91223
1.91225
1.91226
1.91228
1.9123
1.91232
1.91233
1.91235
1.91236
1.91238
1.9124
1.91242
1.91243
1.91245
1.91246
1.91248
1.9125
1.91251
1.91253
1.91255
1.91256
1.91258
1.91259
1.91261
1.91263
1.91264
1.91266
1.91268
1.91269
1.91271
1.91273
1.91275
1.91277
1.91279
1.91281
1.91283
1.91285
1.91287
1.91289
1.91291
1.91293
1.91295
1.91297
1.91299
1.91301
1.91303
1.91305
1.91307
1.91309
1.91312
1.91313
1.91315
1.91318
1.9132
1.91322
1.91324
1.91326
1.91328
1.9133
1.91332
1.91334
1.91337
1.91339
1.91341
1.91343
1.91345
1.91347
1.91349
1.91351
1.91353
1.91355
1.91358
1.9136
1.91361
1.91364
1.91366
1.91368
1.9137
1.91372
1.91374
1.91376
1.91379
1.91381
1.91383
1.91385
1.91387
1.91389
1.91391
1.91392
1.91394
1.91396
1.91398
1.914
1.91402
1.91404
1.91406
1.91408
1.9141
1.91412
1.91413
1.91415
1.91417
1.91418
1.9142
1.91422
1.91424
1.91425
1.91427
1.91428
1.9143
1.91431
1.91433
1.91434
1.91435
1.91437
1.91438
1.9144
1.91441
1.91443
1.91444
1.91446
1.91447
1.91449
1.91451
1.91452
1.91454
1.91456
1.91457
1.91459
1.9146
1.91461
1.91463
1.91464
1.91466
1.91468
1.91469
1.91471
1.91472
1.91473
1.91475
1.91477
1.91479
1.91481
1.91482
1.91483
1.91485
1.91486
1.91488
1.9149
1.91492
1.91493
1.91495
1.91497
1.91499
1.91501
1.91502
1.91504
1.91506
1.91507
1.91508
1.9151
1.91512
1.91513
1.91515
1.91516
1.91518
1.91519
1.91521
1.91523
1.91525
1.91526
1.91528
1.9153
1.91531
1.91533
1.91535
1.91537
1.91538
1.9154
1.91542
1.91544
1.91546
1.91548
1.9155
1.91551
1.91553
1.91555
1.91556
1.91558
1.9156
1.91562
1.91563
1.91565
1.91567
1.91569
1.9157
1.91572
1.91574
1.91576
1.91578
1.9158
1.91582
1.91584
1.91585
1.91587
1.91589
1.9159
1.91592
1.91594
1.91595
1.91597
1.91599
1.91601
1.91603
1.91605
1.91607
1.91609
1.9161
1.91612
1.91614
1.91615
1.91617
1.91619
1.9162
1.91622
1.91624
1.91626
1.91627
1.91629
1.91631
1.91633
1.91634
1.91636
1.91638
1.9164
1.91641
1.91643
1.91644
1.91646
1.91647
1.91649
1.9165
1.91652
1.91653
1.91655
1.91656
1.91658
1.91659
1.9166
1.91662
1.91663
1.91664
1.91666
1.91667
1.91668
1.9167
1.91671
1.91672
1.91673
1.91674
1.91675
1.91676
1.91677
1.91679
1.9168
1.91681
1.91683
1.91684
1.91685
1.91687
1.91688
1.9169
1.91692
1.91693
1.91695
1.91696
1.91697
1.91698
1.917
1.91701
1.91703
1.91704
1.91705
1.91707
1.91708
1.9171
1.91711
1.91713
1.91714
1.91716
1.91717
1.91719
1.9172
1.91722
1.91723
1.91725
1.91727
1.91728
1.9173
1.91731
1.91733
1.91734
1.91736
1.91738
1.91739
1.91741
1.91743
1.91745
1.91746
1.91748
1.9175
1.91751
1.91753
1.91754
1.91756
1.91758
1.91759
1.91761
1.91763
1.91764
1.91766
1.91768
1.9177
1.91771
1.91773
1.91775
1.91776
1.91778
1.9178
1.91782
1.91784
1.91786
1.91788
1.91789
1.91791
1.91793
1.91795
1.91797
1.91799
1.918
1.91802
1.91804
1.91806
1.91808
1.9181
1.91812
1.91814
1.91815
1.91817
1.91819
1.91821
1.91823
1.91824
1.91826
1.91828
1.9183
1.91832
1.91834
1.91836
1.91838
1.91839
1.91841
1.91843
1.91845
1.91846
1.91848
1.91849
1.91851
1.91853
1.91855
1.91857
1.91858
1.9186
1.91861
1.91863
1.91865
1.91867
1.91869
1.9187
1.91872
1.91873
1.91875
1.91876
1.91878
1.91879
1.91881
1.91883
1.91884
1.91885
1.91887
1.91888
1.91889
1.91891
1.91892
1.91894
1.91895
1.91896
1.91898
1.919
1.91901
1.91903
1.91904
1.91905
1.91907
1.91908
1.9191
1.91911
1.91912
1.91913
1.91915
1.91916
1.91917
1.91919
1.9192
1.91921
1.91923
1.91924
1.91926
1.91927
1.91928
1.9193
1.91931
1.91932
1.91933
1.91934
1.91935
1.91937
1.91938
1.9194
1.91941
1.91943
1.91944
1.91946
1.91947
1.91948
1.9195
1.91951
1.91953
1.91954
1.91956
1.91957
1.91959
1.91961
1.91962
1.91963
1.91965
1.91967
1.91968
1.9197
1.91971
1.91973
1.91974
1.91976
1.91977
1.91979
1.9198
1.91982
1.91983
1.91985
1.91987
1.91988
1.9199
1.91992
1.91993
1.91995
1.91996
1.91998
1.92
1.92001
1.92003
1.92005
1.92006
1.92008
1.92009
1.92011
1.92012
1.92014
1.92015
1.92017
1.92018
1.9202
1.92021
1.92023
1.92025
1.92026
1.92028
1.92029
1.9203
1.92032
1.92033
1.92035
1.92037
1.92038
1.9204
1.92041
1.92043
1.92044
1.92046
1.92048
1.92049
1.92051
1.92052
1.92053
1.92054
1.92056
1.92057
1.92059
1.9206
1.92062
1.92063
1.92065
1.92066
1.92068
1.92069
1.92071
1.92072
1.92074
1.92075
1.92077
1.92078
1.92079
1.9208
1.92082
1.92083
1.92084
1.92086
1.92087
1.92089
1.9209
1.92091
1.92092
1.92093
1.92094
1.92095
1.92096
1.92098
1.92099
1.921
1.92101
1.92102
1.92104
1.92105
1.92106
1.92107
1.92108
1.92109
1.9211
1.92111
1.92112
1.92114
1.92115
1.92116
1.92117
1.92119
1.9212
1.9212
1.92122
1.92123
1.92124
1.92125
1.92126
1.92127
1.92128
1.92129
1.92131
1.92132
1.92133
1.92134
1.92135
1.92136
1.92137
1.92138
1.9214
1.92141
1.92142
1.92144
1.92145
1.92146
1.92148
1.92149
1.92151
1.92152
1.92154
1.92155
1.92156
1.92157
1.92159
1.92161
1.92162
1.92163
1.92165
1.92166
1.92167
1.92169
1.9217
1.92172
1.92173
1.92175
1.92176
1.92178
1.92179
1.9218
1.92182
1.92183
1.92185
1.92186
1.92188
1.9219
1.92191
1.92193
1.92195
1.92196
1.92198
1.92199
1.92201
1.92203
1.92204
1.92206
1.92207
1.92209
1.9221
1.92212
1.92213
1.92214
1.92216
1.92217
1.92218
1.9222
1.92221
1.92223
1.92224
1.92226
1.92227
1.92228
1.9223
1.92231
1.92232
1.92233
1.92235
1.92236
1.92238
1.92239
1.9224
1.92241
1.92243
1.92244
1.92246
1.92247
1.92249
1.9225
1.92252
1.92253
1.92254
1.92256
1.92257
1.92259
1.9226
1.92261
1.92263
1.92264
1.92265
1.92267
1.92268
1.92269
1.9227
1.92271
1.92272
1.92274
1.92275
1.92275
1.92277
1.92278
1.9228
1.92281
1.92282
1.92283
1.92284
1.92285
1.92286
1.92287
1.92288
1.92289
1.9229
1.92291
1.92292
1.92294
1.92295
1.92296
1.92297
1.92299
1.923
1.92301
1.92302
1.92303
1.92304
1.92305
1.92306
1.92307
1.92308
1.92309
1.9231
1.92311
1.92313
1.92314
1.92315
1.92316
1.92317
1.92319
1.9232
1.92321
1.92322
1.92323
1.92324
1.92325
1.92326
1.92327
1.92328
1.92329
1.9233
1.92331
1.92333
1.92334
1.92335
1.92337
1.92338
1.9234
1.92341
1.92342
1.92344
1.92345
1.92346
1.92348
1.92349
1.9235
1.92352
1.92353
1.92355
1.92356
1.92358
1.92359
1.92361
1.92362
1.92363
1.92365
1.92366
1.92367
1.92369
1.9237
1.92372
1.92373
1.92374
1.92376
1.92377
1.92378
1.9238
1.92381
1.92382
1.92384
1.92385
1.92386
1.92388
1.92389
1.9239
1.92392
1.92393
1.92394
1.92395
1.92397
1.92398
1.92399
1.924
1.92402
1.92403
1.92404
1.92406
1.92407
1.92408
1.92409
1.9241
1.92412
1.92413
1.92414
1.92415
1.92417
1.92418
1.9242
1.92421
1.92422
1.92424
1.92425
1.92426
1.92428
1.92429
1.9243
1.92432
1.92433
1.92434
1.92436
1.92437
1.92438
1.92439
1.92441
1.92442
1.92443
1.92444
1.92445
1.92445
1.92446
1.92447
1.92448
1.92449
1.9245
1.92451
1.92452
1.92454
1.92455
1.92456
1.92457
1.92459
1.92459
1.92461
1.92462
1.92464
1.92465
1.92466
1.92467
1.92468
1.92469
1.9247
1.92471
1.92472
1.92473
1.92474
1.92475
1.92476
1.92477
1.92478
1.92479
1.9248
1.92482
1.92483
1.92484
1.92485
1.92486
1.92487
1.92489
1.9249
1.92491
1.92492
1.92493
1.92495
1.92496
1.92497
1.92498
1.92499
1.925
1.92501
1.92503
1.92503
1.92504
1.92506
1.92507
1.92508
1.92509
1.92511
1.92512
1.92513
1.92514
1.92515
1.92517
1.92518
1.92519
1.9252
1.92521
1.92523
1.92524
1.92525
1.92526
1.92528
1.92529
1.9253
1.92532
1.92533
1.92534
1.92536
1.92537
1.92538
1.9254
1.92541
1.92543
1.92544
1.92546
1.92547
1.92549
1.9255
1.92552
1.92553
1.92554
1.92555
1.92557
1.92558
1.92559
1.92561
1.92562
1.92563
1.92565
1.92566
1.92567
1.92569
1.9257
1.92572
1.92573
1.92575
1.92576
1.92578
1.92579
1.92581
1.92582
1.92583
1.92585
1.92586
1.92587
1.92589
1.9259
1.92591
1.92592
1.92594
1.92595
1.92596
1.92597
1.92599
1.926
1.92601
1.92603
1.92604
1.92606
1.92607
1.92608
1.92609
1.9261
1.92612
1.92613
1.92615
1.92616
1.92617
1.92618
1.92619
1.92621
1.92622
1.92623
1.92624
1.92625
1.92626
1.92627
1.92628
1.92629
1.9263
1.92631
1.92632
1.92633
1.92634
1.92635
1.92636
1.92638
1.92639
1.9264
1.92641
1.92642
1.92643
1.92644
1.92646
1.92646
1.92648
1.92649
1.9265
1.92651
1.92652
1.92653
1.92654
1.92655
1.92656
1.92657
1.92658
1.92659
1.9266
1.92661
1.92662
1.92664
1.92665
1.92666
1.92667
1.92668
1.92669
1.9267
1.92671
1.92672
1.92674
1.92674
1.92676
1.92677
1.92678
1.92679
1.9268
1.92682
1.92683
1.92684
1.92685
1.92687
1.92688
1.92689
1.92691
1.92692
1.92693
1.92694
1.92695
1.92697
1.92698
1.92699
1.927
1.92701
1.92702
1.92703
1.92705
1.92706
1.92707
1.92708
1.9271
1.92711
1.92712
1.92713
1.92715
1.92716
1.92717
1.92718
1.9272
1.92721
1.92722
1.92723
1.92725
1.92726
1.92727
1.92729
1.9273
1.92731
1.92732
1.92733
1.92735
1.92736
1.92737
1.92738
1.9274
1.92741
1.92743
1.92744
1.92746
1.92747
1.92748
1.9275
1.92751
1.92752
1.92753
1.92754
1.92755
1.92756
1.92757
1.92759
1.9276
1.92761
1.92762
1.92763
1.92764
1.92765
1.92766
1.92767
1.92769
1.9277
1.92771
1.92772
1.92773
1.92774
1.92776
1.92777
1.92778
1.9278
1.92781
1.92782
1.92783
1.92784
1.92785
1.92786
1.92787
1.92788
1.92789
1.9279
1.92791
1.92792
1.92793
1.92794
1.92795
1.92796
1.92797
1.92798
1.92799
1.928
1.92801
1.92802
1.92803
1.92804
1.92805
1.92806
1.92807
1.92808
1.92808
1.9281
1.92811
1.92811
1.92813
1.92813
1.92814
1.92815
1.92816
1.92817
1.92818
1.9282
1.9282
1.92821
1.92822
1.92823
1.92824
1.92825
1.92826
1.92827
1.92829
1.9283
1.92831
1.92832
1.92833
1.92834
1.92835
1.92837
1.92838
1.92839
1.9284
1.92841
1.92842
1.92844
1.92845
1.92846
1.92848
1.92849
1.9285
1.92851
1.92853
1.92854
1.92855
1.92856
1.92858
1.92859
1.9286
1.92861
1.92862
1.92863
1.92864
1.92865
1.92867
1.92868
1.92869
1.9287
1.92871
1.92872
1.92874
1.92875
1.92876
1.92877
1.92878
1.92879
1.92881
1.92882
1.92883
1.92884
1.92886
1.92887
1.92888
1.92889
1.92891
1.92892
1.92893
1.92894
1.92896
1.92897
1.92898
1.929
1.92901
1.92902
1.92903
1.92904
1.92905
1.92906
1.92908
1.92909
1.9291
1.92911
1.92912
1.92913
1.92915
1.92916
1.92917
1.92918
1.92919
1.9292
1.92921
1.92922
1.92924
1.92925
1.92926
1.92927
1.92928
1.92929
1.9293
1.92931
1.92932
1.92933
1.92934
1.92935
1.92936
1.92937
1.92938
1.92939
1.92939
1.9294
1.92941
1.92942
1.92943
1.92944
1.92945
1.92946
1.92947
1.92948
1.92949
1.9295
1.92951
1.92951
1.92952
1.92953
1.92954
1.92955
1.92956
1.92957
1.92958
1.92959
1.9296
1.92961
1.92962
1.92962
1.92964
1.92965
1.92966
1.92967
1.92968
1.92968
1.92969
1.9297
1.92971
1.92972
1.92973
1.92974
1.92975
1.92976
1.92977
1.92978
1.92979
1.9298
1.92981
1.92983
1.92984
1.92985
1.92986
1.92987
1.92988
1.9299
1.92991
1.92992
1.92993
1.92994
1.92995
1.92996
1.92997
1.92998
1.93
1.93001
1.93002
1.93003
1.93004
1.93005
1.93006
1.93007
1.93009
1.9301
1.93011
1.93012
1.93014
1.93015
1.93016
1.93017
1.93018
1.93019
1.9302
1.93021
1.93022
1.93023
1.93025
1.93026
1.93027
1.93028
1.9303
1.93031
1.93032
1.93033
1.93034
1.93035
1.93037
1.93038
1.93039
1.9304
1.93041
1.93042
1.93044
1.93045
1.93046
1.93047
1.93048
1.9305
1.93051
1.93052
1.93053
1.93054
1.93055
1.93057
1.93058
1.93059
1.9306
1.93061
1.93062
1.93064
1.93065
1.93066
1.93067
1.93068
1.93069
1.9307
1.93071
1.93072
1.93073
1.93074
1.93075
1.93076
1.93077
1.93078
1.93079
1.9308
1.93081
1.93082
1.93083
1.93084
1.93085
1.93085
1.93087
1.93087
1.93088
1.93089
1.9309
1.93091
1.93092
1.93092
1.93093
1.93094
1.93095
1.93095
1.93096
1.93097
1.93098
1.93099
1.93099
1.93101
1.93102
1.93103
1.93104
1.93105
1.93106
1.93107
1.93108
1.93109
1.9311
1.9311
1.93111
1.93112
1.93113
1.93114
1.93115
1.93115
1.93116
1.93117
1.93118
1.93119
1.93119
1.9312
1.93121
1.93122
1.93123
1.93124
1.93125
1.93126
1.93127
1.93128
1.93129
1.9313
1.93131
1.93132
1.93133
1.93134
1.93135
1.93136
1.93138
1.93139
1.9314
1.93141
1.93142
1.93143
1.93144
1.93146
1.93147
1.93148
1.93149
1.9315
1.93151
1.93152
1.93153
1.93155
1.93156
1.93157
1.93158
1.93159
1.9316
1.93161
1.93162
1.93164
1.93165
1.93166
1.93167
1.93168
1.93169
1.9317
1.93172
1.93173
1.93174
1.93175
1.93176
1.93177
1.93178
1.93179
1.9318
1.93181
1.93182
1.93183
1.93184
1.93185
1.93186
1.93187
1.93188
1.93189
1.9319
1.93191
1.93192
1.93194
1.93195
1.93196
1.93197
1.93198
1.93199
1.932
1.93201
1.93202
1.93203
1.93204
1.93205
1.93206
1.93207
1.93208
1.93209
1.9321
1.93211
1.93212
1.93213
1.93214
1.93215
1.93215
1.93217
1.93217
1.93218
1.93219
1.9322
1.93221
1.93222
1.93222
1.93223
1.93224
1.93225
1.93226
1.93227
1.93228
1.93229
1.93229
1.9323
1.93231
1.93232
1.93233
1.93234
1.93235
1.93236
1.93237
1.93238
1.93239
1.93239
1.9324
1.93241
1.93242
1.93243
1.93244
1.93245
1.93246
1.93247
1.93247
1.93248
1.93249
1.9325
1.9325
1.93252
1.93253
1.93254
1.93255
1.93256
1.93257
1.93258
1.93259
1.9326
1.93261
1.93262
1.93263
1.93264
1.93265
1.93266
1.93268
1.93269
1.93269
1.9327
1.93271
1.93272
1.93273
1.93274
1.93275
1.93276
1.93277
1.93278
1.93279
1.9328
1.93282
1.93283
1.93284
1.93285
1.93286
1.93287
1.93288
1.93289
1.9329
1.93292
1.93293
1.93294
1.93295
1.93296
1.93297
1.93298
1.93299
1.933
1.93301
1.93302
1.93303
1.93304
1.93305
1.93306
1.93307
1.93308
1.93309
1.9331
1.93311
1.93312
1.93313
1.93314
1.93315
1.93317
1.93318
1.93319
1.9332
1.93321
1.93322
1.93323
1.93324
1.93325
1.93326
1.93327
1.93328
1.93329
1.9333
1.93331
1.93332
1.93333
1.93334
1.93335
1.93336
1.93337
1.93338
1.93338
1.93339
1.9334
1.93341
1.93342
1.93343
1.93344
1.93344
1.93345
1.93346
1.93347
1.93348
1.93349
1.9335
1.93351
1.93352
1.93353
1.93354
1.93355
1.93355
1.93356
1.93357
1.93358
1.93359
1.9336
1.9336
1.93361
1.93362
1.93363
1.93364
1.93364
1.93365
1.93366
1.93366
1.93367
1.93368
1.93369
1.9337
1.93371
1.93372
1.93372
1.93373
1.93374
1.93375
1.93376
1.93377
1.93378
1.93379
1.9338
1.93381
1.93381
1.93382
1.93383
1.93384
1.93385
1.93386
1.93387
1.93388
1.93389
1.9339
1.93391
1.93392
1.93393
1.93393
1.93394
1.93395
1.93396
1.93397
1.93398
1.93399
1.934
1.93401
1.93402
1.93403
1.93404
1.93405
1.93405
1.93406
1.93407
1.93408
1.93409
1.9341
1.93411
1.93412
1.93413
1.93413
1.93414
1.93415
1.93416
1.93417
1.93418
1.93419
1.9342
1.93421
1.93422
1.93423
1.93424
1.93425
1.93426
1.93427
1.93428
1.93429
1.9343
1.93431
1.93433
1.93434
1.93435
1.93436
1.93437
1.93438
1.93439
1.9344
1.93441
1.93441
1.93442
1.93443
1.93444
1.93445
1.93446
1.93446
1.93447
1.93448
1.93449
1.9345
1.93451
1.93452
1.93453
1.93453
1.93454
1.93455
1.93456
1.93457
1.93458
1.93458
1.93459
1.9346
1.93461
1.93462
1.93463
1.93463
1.93464
1.93465
1.93466
1.93467
1.93468
1.93469
1.93469
1.9347
1.93471
1.93472
1.93472
1.93473
1.93474
1.93474
1.93475
1.93476
1.93477
1.93477
1.93478
1.93479
1.9348
1.93481
1.93481
1.93482
1.93482
1.93483
1.93484
1.93485
1.93486
1.93486
1.93487
1.93487
1.93488
1.93489
1.9349
1.9349
1.93491
1.93492
1.93492
1.93493
1.93494
1.93495
1.93496
1.93497
1.93497
1.93498
1.93499
1.935
1.93501
1.93502
1.93503
1.93504
1.93505
1.93506
1.93506
1.93507
1.93508
1.93509
1.9351
1.93511
1.93511
1.93512
1.93513
1.93514
1.93515
1.93516
1.93517
1.93517
1.93518
1.93519
1.9352
1.93521
1.93522
1.93523
1.93524
1.93525
1.93526
1.93527
1.93528
1.93529
1.9353
1.93531
1.93532
1.93533
1.93534
1.93535
1.93536
1.93537
1.93538
1.93538
1.93539
1.9354
1.93541
1.93542
1.93543
1.93544
1.93544
1.93545
1.93546
1.93547
1.93548
1.93549
1.9355
1.93551
1.93552
1.93553
1.93554
1.93555
1.93556
1.93557
1.93558
1.93558
1.93559
1.9356
1.93561
1.93562
1.93563
1.93564
1.93564
1.93565
1.93566
1.93567
1.93567
1.93568
1.93569
1.9357
1.93571
1.93572
1.93573
1.93573
1.93574
1.93575
1.93576
1.93576
1.93577
1.93578
1.93579
1.9358
1.93581
1.93581
1.93582
1.93583
1.93583
1.93584
1.93585
1.93585
1.93586
1.93586
1.93587
1.93588
1.93589
1.93589
1.9359
1.93591
1.93592
1.93592
1.93593
1.93594
1.93594
1.93595
1.93596
1.93596
1.93597
1.93597
1.93598
1.93599
1.93599
1.936
1.93601
1.93601
1.93602
1.93602
1.93603
1.93603
1.93604
1.93604
1.93605
1.93605
1.93606
1.93606
1.93607
1.93608
1.93608
1.93609
1.9361
1.9361
1.93611
1.93611
1.93612
1.93613
1.93613
1.93614
1.93615
1.93616
1.93616
1.93617
1.93618
1.93619
1.9362
1.93621
1.93622
1.93622
1.93623
1.93624
1.93625
1.93625
1.93626
1.93627
1.93628
1.93628
1.93629
1.9363
1.93631
1.93632
1.93632
1.93633
1.93634
1.93635
1.93636
1.93637
1.93637
1.93638
1.93639
1.9364
1.93641
1.93642
1.93643
1.93643
1.93644
1.93645
1.93646
1.93647
1.93647
1.93648
1.93649
1.93649
1.9365
1.93651
1.93652
1.93653
1.93654
1.93655
1.93656
1.93657
1.93657
1.93658
1.93659
1.9366
1.93661
1.93661
1.93662
1.93663
1.93664
1.93664
1.93665
1.93666
1.93667
1.93668
1.93668
1.93669
1.9367
1.9367
1.93671
1.93672
1.93672
1.93673
1.93674
1.93675
1.93675
1.93676
1.93677
1.93678
1.93678
1.93679
1.9368
1.9368
1.93681
1.93682
1.93682
1.93683
1.93683
1.93684
1.93685
1.93685
1.93686
1.93686
1.93687
1.93688
1.93689
1.93689
1.9369
1.93691
1.93692
1.93692
1.93693
1.93694
1.93694
1.93695
1.93696
1.93696
1.93697
1.93698
1.93698
1.93699
1.937
1.937
1.93701
1.93702
1.93703
1.93703
1.93704
1.93704
1.93705
1.93706
1.93706
1.93707
1.93708
1.93708
1.93709
1.9371
1.9371
1.93711
1.93711
1.93712
1.93713
1.93714
1.93714
1.93715
1.93716
1.93716
1.93717
1.93718
1.93719
1.9372
1.9372
1.93721
1.93722
1.93722
1.93723
1.93724
1.93725
1.93726
1.93726
1.93727
1.93728
1.93728
1.93729
1.9373
1.93731
1.93731
1.93732
1.93733
1.93734
1.93735
1.93736
1.93736
1.93737
1.93738
1.93739
1.9374
1.9374
1.93741
1.93742
1.93743
1.93744
1.93744
1.93745
1.93746
1.93747
1.93748
1.93748
1.93749
1.9375
1.93751
1.93752
1.93753
1.93753
1.93754
1.93755
1.93756
1.93756
1.93757
1.93758
1.93759
1.9376
1.93761
1.93762
1.93763
1.93764
1.93764
1.93765
1.93766
1.93767
1.93768
1.93769
1.93769
1.9377
1.93771
1.93772
1.93773
1.93773
1.93774
1.93775
1.93776
1.93777
1.93777
1.93778
1.93779
1.9378
1.9378
1.93781
1.93782
1.93783
1.93783
1.93784
1.93785
1.93786
1.93786
1.93787
1.93788
1.93788
1.93789
1.9379
1.93791
1.93791
1.93792
1.93793
1.93793
1.93794
1.93794
1.93795
1.93796
1.93796
1.93797
1.93798
1.93798
1.93799
1.938
1.938
1.93801
1.93801
1.93802
1.93802
1.93803
1.93804
1.93804
1.93805
1.93805
1.93806
1.93807
1.93807
1.93808
1.93809
1.93809
1.9381
1.93811
1.93811
1.93812
1.93813
1.93813
1.93814
1.93814
1.93815
1.93815
1.93816
1.93817
1.93817
1.93818
1.93819
1.9382
1.9382
1.93821
1.93822
1.93823
1.93824
1.93824
1.93825
1.93826
1.93826
1.93827
1.93827
1.93828
1.93829
1.9383
1.9383
1.93831
1.93832
1.93832
1.93833
1.93834
1.93835
1.93835
1.93836
1.93836
1.93837
1.93838
1.93839
1.93839
1.9384
1.93841
1.93842
1.93842
1.93843
1.93844
1.93845
1.93845
1.93846
1.93847
1.93848
1.93849
1.93849
1.9385
1.93851
1.93852
1.93852
1.93853
1.93854
1.93855
1.93855
1.93856
1.93857
1.93857
1.93858
1.93859
1.93859
1.9386
1.93861
1.93861
1.93862
1.93863
1.93864
1.93865
1.93865
1.93866
1.93867
1.93868
1.93868
1.93869
1.9387
1.9387
1.93871
1.93872
1.93873
1.93874
1.93875
1.93876
1.93876
1.93877
1.93878
1.93879
1.9388
1.9388
1.93881
1.93881
1.93882
1.93883
1.93883
1.93884
1.93884
1.93885
1.93886
1.93887
1.93888
1.93888
1.93889
1.9389
1.9389
1.93891
1.93892
1.93892
1.93893
1.93893
1.93894
1.93895
1.93895
1.93896
1.93897
1.93897
1.93898
1.93898
1.93899
1.939
1.939
1.93901
1.93902
1.93902
1.93903
1.93904
1.93904
1.93905
1.93906
1.93906
1.93907
1.93907
1.93908
1.93909
1.93909
1.9391
1.9391
1.93911
1.93912
1.93913
1.93913
1.93914
1.93914
1.93915
1.93916
1.93917
1.93917
1.93918
1.93919
1.93919
1.9392
1.93921
1.93921
1.93922
1.93923
1.93924
1.93924
1.93925
1.93926
1.93927
1.93927
1.93928
1.93929
1.9393
1.93931
1.93932
1.93932
1.93933
1.93934
1.93935
1.93935
1.93936
1.93937
1.93938
1.93939
1.93939
1.9394
1.93941
1.93942
1.93943
1.93943
1.93944
1.93945
1.93945
1.93946
1.93947
1.93947
1.93948
1.93949
1.93949
1.9395
1.93951
1.93951
1.93952
1.93953
1.93954
1.93954
1.93955
1.93956
1.93956
1.93957
1.93958
1.93959
1.93959
1.9396
1.93961
1.93962
1.93962
1.93963
1.93964
1.93965
1.93965
1.93966
1.93967
1.93968
1.93968
1.93969
1.9397
1.9397
1.93971
1.93972
1.93972
1.93973
1.93974
1.93974
1.93975
1.93975
1.93976
1.93976
1.93977
1.93977
1.93978
1.93978
1.93979
1.9398
1.9398
1.93981
1.93981
1.93982
1.93983
1.93983
1.93984
1.93984
1.93985
1.93985
1.93986
1.93986
1.93987
1.93987
1.93988
1.93988
1.93989
1.93989
1.9399
1.9399
1.93991
1.93991
1.93991
1.93992
1.93992
1.93993
1.93993
1.93994
1.93995
1.93995
1.93996
1.93996
1.93997
1.93997
1.93998
1.93998
1.93999
1.93999
1.94
1.94001
1.94001
1.94002
1.94003
1.94003
1.94004
1.94004
1.94005
1.94006
1.94006
1.94006
1.94007
1.94008
1.94009
1.94009
1.9401
1.9401
1.94011
1.94012
1.94012
1.94013
1.94014
1.94014
1.94015
1.94015
1.94016
1.94016
1.94017
1.94017
1.94018
1.94018
1.94019
1.94019
1.9402
1.94021
1.94022
1.94022
1.94023
1.94024
1.94024
1.94025
1.94025
1.94026
1.94027
1.94027
1.94028
1.94028
1.94029
1.94029
1.9403
1.94031
1.94031
1.94032
1.94032
1.94033
1.94034
1.94034
1.94035
1.94035
1.94036
1.94037
1.94037
1.94038
1.94038
1.94039
1.94039
1.9404
1.94041
1.94041
1.94042
1.94043
1.94043
1.94044
1.94044
1.94045
1.94046
1.94047
1.94047
1.94048
1.94049
1.94049
1.9405
1.94051
1.94052
1.94052
1.94053
1.94053
1.94054
1.94054
1.94055
1.94055
1.94056
1.94057
1.94057
1.94058
1.94059
1.94059
1.9406
1.9406
1.94061
1.94061
1.94062
1.94062
1.94063
1.94063
1.94064
1.94064
1.94065
1.94065
1.94066
1.94066
1.94066
1.94067
1.94067
1.94068
1.94068
1.94069
1.94069
1.9407
1.9407
1.94071
1.94071
1.94072
1.94072
1.94073
1.94074
1.94074
1.94075
1.94075
1.94075
1.94076
1.94076
1.94077
1.94078
1.94078
1.94078
1.94079
1.94079
1.9408
1.94081
1.94081
1.94082
1.94082
1.94083
1.94083
1.94084
1.94085
1.94085
1.94086
1.94086
1.94087
1.94088
1.94088
1.94089
1.94089
1.9409
1.9409
1.94091
1.94091
1.94092
1.94093
1.94093
1.94094
1.94095
1.94095
1.94096
1.94097
1.94098
1.94098
1.94099
1.941
1.941
1.94101
1.94102
1.94102
1.94103
1.94104
1.94104
1.94105
1.94106
1.94106
1.94107
1.94108
1.94109
1.94109
1.9411
1.9411
1.94111
1.94112
1.94112
1.94113
1.94114
1.94114
1.94115
1.94116
1.94116
1.94117
1.94118
1.94118
1.94119
1.9412
1.9412
1.94121
1.94121
1.94122
1.94123
1.94123
1.94124
1.94125
1.94125
1.94126
1.94126
1.94127
1.94127
1.94128
1.94129
1.94129
1.94129
1.9413
1.94131
1.94131
1.94132
1.94132
1.94133
1.94133
1.94134
1.94134
1.94135
1.94136
1.94136
1.94137
1.94137
1.94138
1.94138
1.94139
1.94139
1.9414
1.94141
1.94141
1.94142
1.94142
1.94143
1.94143
1.94144
1.94145
1.94145
1.94145
1.94146
1.94146
1.94147
1.94148
1.94148
1.94149
1.94149
1.9415
1.9415
1.94151
1.94152
1.94152
1.94153
1.94153
1.94154
1.94154
1.94155
1.94155
1.94156
1.94156
1.94157
1.94157
1.94158
1.94159
1.94159
1.9416
1.9416
1.94161
1.94161
1.94162
1.94162
1.94163
1.94163
1.94164
1.94165
1.94165
1.94165
1.94166
1.94166
1.94167
1.94168
1.94168
1.94169
1.94169
1.9417
1.9417
1.94171
1.94171
1.94172
1.94173
1.94173
1.94174
1.94175
1.94175
1.94176
1.94176
1.94177
1.94178
1.94178
1.94179
1.9418
1.9418
1.94181
1.94182
1.94182
1.94183
1.94183
1.94184
1.94185
1.94186
1.94186
1.94187
1.94188
1.94188
1.94189
1.94189
1.9419
1.9419
1.94191
1.94192
1.94192
1.94193
1.94194
1.94194
1.94195
1.94195
1.94196
1.94196
1.94197
1.94197
1.94198
1.94198
1.94199
1.942
1.942
1.94201
1.94202
1.94202
1.94203
1.94203
1.94204
1.94205
1.94205
1.94206
1.94206
1.94207
1.94208
1.94208
1.94209
1.94209
1.9421
1.9421
1.94211
1.94212
1.94212
1.94213
1.94213
1.94214
1.94214
1.94214
1.94215
1.94215
1.94216
1.94217
1.94217
1.94218
1.94218
1.94219
1.94219
1.94219
1.9422
1.9422
1.94221
1.94222
1.94222
1.94223
1.94223
1.94224
1.94225
1.94225
1.94225
1.94226
1.94226
1.94227
1.94227
1.94227
1.94228
1.94228
1.94229
1.9423
1.9423
1.94231
1.94231
1.94231
1.94232
1.94232
1.94233
1.94234
1.94234
1.94235
1.94235
1.94236
1.94236
1.94237
1.94237
1.94238
1.94238
1.94239
1.94239
1.9424
1.9424
1.94241
1.94241
1.94242
1.94243
1.94243
1.94244
1.94244
1.94245
1.94245
1.94246
1.94246
1.94247
1.94247
1.94248
1.94248
1.94249
1.94249
1.9425
1.9425
1.94251
1.94252
1.94252
1.94253
1.94253
1.94254
1.94254
1.94255
1.94255
1.94256
1.94256
1.94257
1.94257
1.94258
1.94258
1.94259
1.94259
1.9426
1.9426
1.94261
1.94261
1.94262
1.94263
1.94263
1.94264
1.94264
1.94264
1.94265
1.94266
1.94266
1.94267
1.94267
1.94267
1.94268
1.94268
1.94269
1.9427
1.9427
1.94271
1.94271
1.94272
1.94272
1.94273
1.94273
1.94274
1.94274
1.94275
1.94276
1.94276
1.94277
1.94277
1.94278
1.94278
1.94279
1.94279
1.9428
1.9428
1.94281
1.94281
1.94282
1.94283
1.94283
1.94284
1.94284
1.94285
1.94285
1.94286
1.94287
1.94287
1.94288
1.94288
1.94289
1.9429
1.9429
1.94291
1.94291
1.94292
1.94292
1.94293
1.94293
1.94294
1.94294
1.94294
1.94295
1.94295
1.94296
1.94296
1.94297
1.94297
1.94297
1.94298
1.94298
1.94299
1.94299
1.943
1.943
1.94301
1.94301
1.94302
1.94302
1.94303
1.94303
1.94304
1.94305
1.94305
1.94306
1.94306
1.94307
1.94307
1.94308
1.94308
1.94309
1.94309
1.9431
1.94311
1.94311
1.94312
1.94312
1.94313
1.94313
1.94314
1.94315
1.94315
1.94316
1.94316
1.94317
1.94318
1.94318
1.94319
1.94319
1.9432
1.9432
1.94321
1.94322
1.94322
1.94323
1.94323
1.94324
1.94325
1.94325
1.94326
1.94326
1.94327
1.94327
1.94328
1.94329
1.94329
1.9433
1.94331
1.94331
1.94332
1.94332
1.94333
1.94334
1.94334
1.94335
1.94335
1.94336
1.94337
1.94337
1.94338
1.94338
1.94339
1.94339
1.9434
1.9434
1.94341
1.94341
1.94342
1.94342
1.94343
1.94343
1.94344
1.94344
1.94345
1.94345
1.94345
1.94346
1.94346
1.94347
1.94347
1.94348
1.94349
1.94349
1.94349
1.9435
1.9435
1.94351
1.94352
1.94352
1.94352
1.94353
1.94354
1.94354
1.94355
1.94355
1.94355
1.94356
1.94356
1.94357
1.94357
1.94358
1.94358
1.94359
1.94359
1.94359
1.9436
1.9436
1.94361
1.94361
1.94362
1.94362
1.94363
1.94363
1.94364
1.94364
1.94365
1.94365
1.94365
1.94366
1.94366
1.94367
1.94367
1.94368
1.94368
1.94369
1.94369
1.94369
1.9437
1.9437
1.94371
1.94371
1.94372
1.94372
1.94373
1.94373
1.94374
1.94374
1.94375
1.94375
1.94376
1.94376
1.94376
1.94377
1.94377
1.94378
1.94378
1.94379
1.94379
1.9438
1.9438
1.94381
1.94381
1.94382
1.94382
1.94382
1.94383
1.94383
1.94384
1.94384
1.94384
1.94385
1.94385
1.94386
1.94386
1.94387
1.94388
1.94388
1.94389
1.94389
1.9439
1.94391
1.94391
1.94392
1.94392
1.94393
1.94393
1.94394
1.94394
1.94395
1.94395
1.94396
1.94396
1.94397
1.94397
1.94398
1.94398
1.94399
1.94399
1.944
1.94401
1.94401
1.94402
1.94402
1.94403
1.94404
1.94404
1.94405
1.94406
1.94406
1.94407
1.94407
1.94408
1.94408
1.94409
1.94409
1.9441
1.9441
1.94411
1.94411
1.94412
1.94412
1.94412
1.94413
1.94413
1.94414
1.94414
1.94415
1.94415
1.94416
1.94416
1.94417
1.94417
1.94418
1.94418
1.94419
1.94419
1.9442
1.9442
1.94421
1.94421
1.94422
1.94422
1.94423
1.94423
1.94424
1.94424
1.94424
1.94425
1.94425
1.94426
1.94426
1.94427
1.94427
1.94428
1.94428
1.94429
1.94429
1.9443
1.9443
1.94431
1.94431
1.94431
1.94432
1.94432
1.94433
1.94433
1.94434
1.94434
1.94435
1.94435
1.94436
1.94436
1.94436
1.94436
1.94437
1.94437
1.94438
1.94438
1.94439
1.94439
1.9444
1.9444
1.94441
1.94441
1.94442
1.94442
1.94442
1.94443
1.94443
1.94443
1.94444
1.94444
1.94445
1.94445
1.94446
1.94446
1.94446
1.94447
1.94447
1.94448
1.94448
1.94449
1.94449
1.9445
1.94451
1.94451
1.94452
1.94452
1.94453
1.94453
1.94454
1.94454
1.94455
1.94455
1.94456
1.94456
1.94457
1.94457
1.94458
1.94458
1.94459
1.94459
1.9446
1.9446
1.94461
1.94461
1.94462
1.94462
1.94463
1.94463
1.94464
1.94465
1.94465
1.94466
1.94466
1.94467
1.94467
1.94468
1.94468
1.94469
1.94469
1.9447
1.94471
1.94471
1.94472
1.94472
1.94473
1.94473
1.94474
1.94474
1.94475
1.94475
1.94476
1.94476
1.94477
1.94477
1.94477
1.94478
1.94478
1.94479
1.94479
1.9448
1.9448
1.94481
1.94481
1.94482
1.94482
1.94483
1.94483
1.94483
1.94484
1.94484
1.94485
1.94485
1.94486
1.94486
1.94486
1.94487
1.94487
1.94488
1.94488
1.94489
1.94489
1.9449
1.9449
1.9449
1.94491
1.94491
1.94492
1.94492
1.94493
1.94493
1.94493
1.94494
1.94494
1.94494
1.94495
1.94495
1.94496
1.94496
1.94496
1.94497
1.94497
1.94497
1.94498
1.94498
1.94498
1.94499
1.94499
1.945
1.945
1.945
1.94501
1.94501
1.94502
1.94502
1.94502
1.94503
1.94503
1.94504
1.94504
1.94504
1.94505
1.94505
1.94505
1.94506
1.94506
1.94506
1.94507
1.94507
1.94507
1.94507
1.94508
1.94508
1.94508
1.94509
1.94509
1.94509
1.9451
1.9451
1.9451
1.94511
1.94511
1.94512
1.94512
1.94512
1.94513
1.94513
1.94514
1.94514
1.94515
1.94515
1.94515
1.94516
1.94516
1.94517
1.94517
1.94518
1.94518
1.94518
1.94519
1.94519
1.9452
1.9452
1.94521
1.94521
1.94522
1.94522
1.94523
1.94523
1.94523
1.94524
1.94524
1.94525
1.94526
1.94526
1.94526
1.94527
1.94528
1.94528
1.94529
1.94529
1.9453
1.9453
1.94531
1.94531
1.94532
1.94532
1.94532
1.94533
1.94533
1.94534
1.94534
1.94535
1.94535
1.94536
1.94536
1.94537
1.94537
1.94537
1.94538
1.94538
1.94539
1.94539
1.9454
1.9454
1.94541
1.94541
1.94542
1.94542
1.94543
1.94543
1.94544
1.94544
1.94544
1.94545
1.94545
1.94546
1.94546
1.94546
1.94547
1.94547
1.94548
1.94548
1.94549
1.94549
1.94549
1.9455
1.9455
1.9455
1.94551
1.94551
1.94552
1.94552
1.94552
1.94553
1.94553
1.94553
1.94554
1.94554
1.94555
1.94555
1.94555
1.94556
1.94556
1.94557
1.94557
1.94558
1.94558
1.94559
1.94559
1.9456
1.9456
1.9456
1.94561
1.94561
1.94562
1.94562
1.94563
1.94563
1.94563
1.94564
1.94564
1.94565
1.94565
1.94566
1.94566
1.94566
1.94567
1.94567
1.94567
1.94568
1.94568
1.94569
1.94569
1.94569
1.9457
1.9457
1.94571
1.94571
1.94572
1.94572
1.94572
1.94573
1.94573
1.94573
1.94574
1.94574
1.94575
1.94575
1.94576
1.94576
1.94576
1.94577
1.94577
1.94578
1.94578
1.94579
1.94579
1.9458
1.9458
1.9458
1.94581
1.94581
1.94582
1.94582
1.94583
1.94583
1.94584
1.94584
1.94584
1.94585
1.94585
1.94586
1.94586
1.94586
1.94587
1.94587
1.94588
1.94588
1.94589
1.94589
1.9459
1.9459
1.9459
1.94591
1.94591
1.94592
1.94592
1.94592
1.94593
1.94594
1.94594
1.94595
1.94595
1.94596
1.94596
1.94596
1.94597
1.94597
1.94598
1.94598
1.94599
1.94599
1.946
1.946
1.946
1.94601
1.94601
1.94602
1.94602
1.94603
1.94603
1.94603
1.94604
1.94604
1.94605
1.94605
1.94606
1.94606
1.94607
1.94607
1.94607
1.94608
1.94608
1.94608
1.94609
1.94609
1.9461
1.9461
1.94611
1.94611
1.94611
1.94612
1.94612
1.94612
1.94613
1.94613
1.94614
1.94614
1.94614
1.94615
1.94615
1.94616
1.94616
1.94617
1.94617
1.94618
1.94618
1.94618
1.94619
1.94619
1.9462
1.9462
1.94621
1.94621
1.94621
1.94622
1.94622
1.94623
1.94623
1.94624
1.94624
1.94624
1.94625
1.94625
1.94626
1.94626
1.94627
1.94627
1.94628
1.94628
1.94629
1.94629
1.9463
1.9463
1.94631
1.94631
1.94631
1.94632
1.94632
1.94633
1.94633
1.94634
1.94634
1.94635
1.94635
1.94635
1.94636
1.94636
1.94637
1.94637
1.94638
1.94639
1.94639
1.94639
1.9464
1.9464
1.94641
1.94641
1.94642
1.94642
1.94643
1.94643
1.94644
1.94644
1.94645
1.94645
1.94646
1.94646
1.94647
1.94647
1.94648
1.94648
1.94649
1.94649
1.9465
1.9465
1.9465
1.94651
1.94651
1.94651
1.94652
1.94652
1.94653
1.94653
1.94654
1.94654
1.94654
1.94655
1.94655
1.94656
1.94656
1.94656
1.94657
1.94657
1.94658
1.94658
1.94658
1.94659
1.94659
1.9466
1.9466
1.94661
1.94661
1.94662
1.94662
1.94663
1.94663
1.94663
1.94664
1.94664
1.94665
1.94665
1.94666
1.94666
1.94666
1.94667
1.94667
1.94668
1.94668
1.94668
1.94669
1.94669
1.9467
1.9467
1.9467
1.94671
1.94671
1.94672
1.94672
1.94672
1.94673
1.94673
1.94673
1.94674
1.94674
1.94675
1.94675
1.94675
1.94676
1.94676
1.94676
1.94677
1.94677
1.94678
1.94678
1.94679
1.94679
1.9468
1.9468
1.94681
1.94681
1.94681
1.94682
1.94682
1.94682
1.94683
1.94683
1.94684
1.94684
1.94685
1.94685
1.94686
1.94686
1.94686
1.94687
1.94688
1.94688
1.94688
1.94689
1.94689
1.9469
1.9469
1.9469
1.94691
1.94691
1.94692
1.94692
1.94693
1.94693
1.94694
1.94695
1.94695
1.94695
1.94696
1.94696
1.94697
1.94697
1.94698
1.94698
1.94698
1.94699
1.94699
1.947
1.947
1.947
1.94701
1.94701
1.94702
1.94702
1.94703
1.94703
1.94704
1.94704
1.94705
1.94705
1.94706
1.94706
1.94707
1.94707
1.94708
1.94708
1.94708
1.94709
1.94709
1.9471
1.9471
1.9471
1.94711
1.94711
1.94712
1.94712
1.94712
1.94713
1.94713
1.94713
1.94714
1.94714
1.94715
1.94715
1.94715
1.94716
1.94716
1.94717
1.94717
1.94718
1.94718
1.94718
1.94719
1.94719
1.9472
1.9472
1.94721
1.94721
1.94722
1.94722
1.94723
1.94723
1.94723
1.94724
1.94724
1.94725
1.94725
1.94726
1.94726
1.94727
1.94727
1.94727
1.94728
1.94728
1.94729
1.94729
1.94729
1.9473
1.9473
1.9473
1.94731
1.94731
1.94732
1.94732
1.94733
1.94733
1.94734
1.94734
1.94734
1.94735
1.94735
1.94736
1.94736
1.94736
1.94737
1.94737
1.94737
1.94738
1.94738
1.94739
1.94739
1.9474
1.9474
1.9474
1.94741
1.94741
1.94741
1.94742
1.94742
1.94743
1.94743
1.94744
1.94744
1.94744
1.94745
1.94745
1.94745
1.94746
1.94746
1.94747
1.94747
1.94747
1.94748
1.94748
1.94748
1.94749
1.94749
1.9475
1.9475
1.94751
1.94751
1.94751
1.94752
1.94752
1.94753
1.94753
1.94754
1.94754
1.94754
1.94755
1.94755
1.94756
1.94756
1.94757
1.94757
1.94757
1.94758
1.94758
1.94759
1.94759
1.9476
1.9476
1.9476
1.94761
1.94761
1.94762
1.94762
1.94763
1.94763
1.94764
1.94765
1.94765
1.94766
1.94766
1.94767
1.94767
1.94768
1.94768
1.94769
1.94769
1.9477
1.9477
1.9477
1.94771
1.94771
1.94772
1.94772
1.94773
1.94773
1.94773
1.94774
1.94774
1.94775
1.94775
1.94775
1.94776
1.94776
1.94777
1.94777
1.94778
1.94778
1.94778
1.94779
1.94779
1.94779
1.9478
1.9478
1.94781
1.94781
1.94781
1.94782
1.94782
1.94782
1.94783
1.94783
1.94784
1.94784
1.94784
1.94785
1.94785
1.94786
1.94786
1.94786
1.94787
1.94787
1.94787
1.94788
1.94788
1.94788
1.94789
1.94789
1.9479
1.9479
1.9479
1.94791
1.94791
1.94791
1.94792
1.94792
1.94793
1.94793
1.94794
1.94794
1.94794
1.94795
1.94795
1.94795
1.94796
1.94796
1.94796
1.94797
1.94797
1.94797
1.94798
1.94798
1.94799
1.94799
1.948
1.948
1.94801
1.94801
1.94801
1.94802
1.94802
1.94803
1.94803
1.94803
1.94804
1.94804
1.94805
1.94805
1.94806
1.94806
1.94806
1.94807
1.94807
1.94808
1.94808
1.94809
1.94809
1.94809
1.9481
1.9481
1.94811
1.94811
1.94811
1.94812
1.94812
1.94813
1.94813
1.94814
1.94814
1.94815
1.94815
1.94816
1.94816
1.94816
1.94817
1.94817
1.94817
1.94818
1.94818
1.94819
1.94819
1.9482
1.9482
1.9482
1.94821
1.94821
1.94822
1.94822
1.94822
1.94823
1.94823
1.94824
1.94824
1.94824
1.94825
1.94825
1.94826
1.94826
1.94826
1.94827
1.94827
1.94827
1.94828
1.94828
1.94829
1.94829
1.9483
1.9483
1.9483
1.94831
1.94831
1.94832
1.94832
1.94832
1.94833
1.94833
1.94834
1.94834
1.94834
1.94835
1.94835
1.94836
1.94836
1.94836
1.94837
1.94837
1.94838
1.94838
1.94839
1.94839
1.94839
1.9484
1.9484
1.9484
1.94841
1.94841
1.94842
1.94842
1.94842
1.94843
1.94843
1.94843
1.94844
1.94844
1.94844
1.94845
1.94845
1.94845
1.94846
1.94846
1.94847
1.94847
1.94847
1.94848
1.94848
1.94848
1.94849
1.94849
1.9485
1.9485
1.94851
1.94851
1.94851
1.94852
1.94852
1.94853
1.94853
1.94854
1.94854
1.94854
1.94854
1.94855
1.94855
1.94855
1.94856
1.94856
1.94857
1.94857
1.94857
1.94858
1.94858
1.94858
1.94859
1.94859
1.9486
1.9486
1.9486
1.94861
1.94861
1.94861
1.94862
1.94862
1.94862
1.94863
1.94863
1.94864
1.94864
1.94864
1.94865
1.94865
1.94866
1.94866
1.94866
1.94867
1.94867
1.94868
1.94868
1.94868
1.94869
1.94869
1.94869
1.9487
1.9487
1.94871
1.94871
1.94871
1.94872
1.94872
1.94872
1.94873
1.94873
1.94873
1.94874
1.94874
1.94875
1.94875
1.94875
1.94876
1.94876
1.94876
1.94877
1.94877
1.94877
1.94878
1.94878
1.94879
1.94879
1.94879
1.9488
1.9488
1.94881
1.94881
1.94882
1.94882
1.94882
1.94883
1.94883
1.94883
1.94884
1.94884
1.94885
1.94885
1.94885
1.94886
1.94886
1.94887
1.94887
1.94887
1.94888
1.94888
1.94888
1.94889
1.94889
1.94889
1.94889
1.9489
1.9489
1.9489
1.94891
1.94891
1.94891
1.94892
1.94892
1.94892
1.94893
1.94893
1.94894
1.94894
1.94895
1.94895
1.94895
1.94896
1.94896
1.94897
1.94897
1.94897
1.94898
1.94898
1.94899
1.94899
1.94899
1.94899
1.949
1.949
1.949
1.94901
1.94901
1.94901
1.94902
1.94902
1.94902
1.94903
1.94903
1.94903
1.94903
1.94904
1.94904
1.94904
1.94905
1.94905
1.94905
1.94906
1.94906
1.94906
1.94907
1.94907
1.94908
1.94908
1.94908
1.94909
1.94909
1.94909
1.9491
1.9491
1.9491
1.94911
1.94911
1.94912
1.94912
1.94912
1.94913
1.94913
1.94913
1.94913
1.94914
1.94914
1.94915
1.94915
1.94915
1.94915
1.94916
1.94916
1.94917
1.94917
1.94918
1.94918
1.94918
1.94919
1.94919
1.94919
1.9492
1.9492
1.94921
1.94921
1.94921
1.94922
1.94922
1.94922
1.94923
1.94923
1.94923
1.94924
1.94924
1.94924
1.94925
1.94925
1.94926
1.94926
1.94926
1.94927
1.94927
1.94927
1.94928
1.94928
1.94928
1.94929
1.94929
1.94929
1.9493
1.9493
1.94931
1.94931
1.94932
1.94932
1.94932
1.94933
1.94933
1.94934
1.94934
1.94934
1.94935
1.94935
1.94935
1.94936
1.94936
1.94936
1.94937
1.94937
1.94937
1.94937
1.94938
1.94938
1.94938
1.94939
1.94939
1.94939
1.9494
1.9494
1.94941
1.94941
1.94941
1.94942
1.94942
1.94942
1.94943
1.94943
1.94944
1.94944
1.94944
1.94945
1.94945
1.94945
1.94946
1.94946
1.94946
1.94946
1.94947
1.94947
1.94947
1.94948
1.94948
1.94949
1.94949
1.94949
1.9495
1.9495
1.94951
1.94951
1.94951
1.94952
1.94952
1.94953
1.94953
1.94953
1.94954
1.94954
1.94954
1.94955
1.94955
1.94955
1.94955
1.94956
1.94956
1.94957
1.94957
1.94958
1.94958
1.94958
1.94959
1.94959
1.94959
1.9496
1.9496
1.9496
1.94961
1.94961
1.94961
1.94962
1.94962
1.94962
1.94963
1.94963
1.94963
1.94964
1.94964
1.94964
1.94965
1.94965
1.94965
1.94966
1.94966
1.94967
1.94967
1.94968
1.94968
1.94968
1.94969
1.94969
1.94969
1.9497
1.9497
1.94971
1.94971
1.94971
1.94972
1.94972
1.94972
1.94973
1.94973
1.94973
1.94974
1.94974
1.94974
1.94975
1.94975
1.94975
1.94976
1.94976
1.94976
1.94977
1.94977
1.94977
1.94978
1.94978
1.94978
1.94979
1.94979
1.9498
1.9498
1.94981
1.94981
1.94981
1.94981
1.94982
1.94982
1.94982
1.94983
1.94983
1.94983
1.94984
1.94984
1.94984
1.94985
1.94985
1.94985
1.94986
1.94986
1.94987
1.94987
1.94988
1.94988
1.94988
1.94989
1.94989
1.94989
1.9499
1.9499
1.94991
1.94991
1.94991
1.94992
1.94992
1.94992
1.94993
1.94993
1.94993
1.94994
1.94994
1.94995
1.94995
1.94995
1.94996
1.94996
1.94997
1.94997
1.94998
1.94998
1.94999
1.94999
1.94999
1.95
1.95
1.95
1.95001
1.95001
1.95002
1.95002
1.95002
1.95003
1.95003
1.95003
1.95003
1.95004
1.95004
1.95004
1.95005
1.95005
1.95005
1.95006
1.95006
1.95006
1.95007
1.95007
1.95007
1.95008
1.95008
1.95008
1.95009
1.95009
1.9501
1.9501
1.9501
1.95011
1.95011
1.95012
1.95012
1.95012
1.95013
1.95013
1.95014
1.95014
1.95014
1.95015
1.95015
1.95015
1.95016
1.95016
1.95017
1.95017
1.95018
1.95018
1.95018
1.95019
1.95019
1.9502
1.9502
1.9502
1.9502
1.95021
1.95021
1.95022
1.95022
1.95022
1.95022
1.95023
1.95023
1.95024
1.95024
1.95024
1.95025
1.95025
1.95025
1.95026
1.95026
1.95027
1.95027
1.95028
1.95028
1.95028
1.95029
1.95029
1.95029
1.9503
1.9503
1.9503
1.95031
1.95031
1.95031
1.95032
1.95032
1.95032
1.95033
1.95033
1.95033
1.95033
1.95034
1.95034
1.95034
1.95035
1.95035
1.95035
1.95035
1.95036
1.95036
1.95036
1.95037
1.95037
1.95037
1.95038
1.95038
1.95038
1.95039
1.95039
1.9504
1.9504
1.95041
1.95041
1.95041
1.95042
1.95042
1.95042
1.95043
1.95043
1.95044
1.95044
1.95044
1.95045
1.95045
1.95045
1.95046
1.95046
1.95046
1.95047
1.95047
1.95047
1.95048
1.95048
1.95048
1.95048
1.95049
1.95049
1.95049
1.9505
1.9505
1.9505
1.95051
1.95051
1.95051
1.95052
1.95052
1.95053
1.95053
1.95053
1.95054
1.95054
1.95054
1.95055
1.95055
1.95055
1.95056
1.95056
1.95056
1.95057
1.95057
1.95058
1.95058
1.95058
1.95059
1.95059
1.95059
1.95059
1.9506
1.9506
1.9506
1.9506
1.95061
1.95061
1.95061
1.95062
1.95062
1.95062
1.95063
1.95063
1.95063
1.95064
1.95064
1.95064
1.95065
1.95065
1.95065
1.95066
1.95066
1.95066
1.95067
1.95067
1.95067
1.95067
1.95068
1.95068
1.95068
1.95069
1.95069
1.95069
1.95069
1.9507
1.9507
1.95071
1.95071
1.95071
1.95071
1.95072
1.95072
1.95072
1.95073
1.95073
1.95073
1.95074
1.95074
1.95074
1.95075
1.95075
1.95075
1.95076
1.95076
1.95076
1.95077
1.95077
1.95077
1.95078
1.95078
1.95079
1.95079
1.95079
1.9508
1.9508
1.95081
1.95081
1.95081
1.95082
1.95082
1.95082
1.95083
1.95083
1.95083
1.95084
1.95084
1.95084
1.95085
1.95085
1.95085
1.95086
1.95086
1.95086
1.95087
1.95087
1.95087
1.95088
1.95088
1.95088
1.95089
1.95089
1.95089
1.95089
1.9509
1.9509
1.9509
1.95091
1.95091
1.95091
1.95092
1.95092
1.95092
1.95093
1.95093
1.95094
1.95094
1.95094
1.95095
1.95095
1.95096
1.95096
1.95096
1.95097
1.95097
1.95097
1.95098
1.95098
1.95098
1.95098
1.95099
1.95099
1.95099
1.95099
1.951
1.951
1.951
1.95101
1.95101
1.95101
1.95102
1.95102
1.95102
1.95103
1.95103
1.95103
1.95103
1.95104
1.95104
1.95105
1.95105
1.95105
1.95105
1.95106
1.95106
1.95106
1.95107
1.95107
1.95107
1.95107
1.95108
1.95108
1.95108
1.95108
1.95109
1.95109
1.9511
1.9511
1.9511
1.9511
1.95111
1.95111
1.95111
1.95112
1.95112
1.95112
1.95113
1.95113
1.95113
1.95114
1.95114
1.95114
1.95114
1.95115
1.95115
1.95115
1.95115
1.95116
1.95116
1.95116
1.95116
1.95117
1.95117
1.95117
1.95117
1.95118
1.95118
1.95118
1.95119
1.95119
1.95119
1.9512
1.9512
1.9512
1.95121
1.95121
1.95121
1.95122
1.95122
1.95122
1.95123
1.95123
1.95123
1.95123
1.95124
1.95124
1.95124
1.95125
1.95125
1.95125
1.95126
1.95126
1.95126
1.95127
1.95127
1.95127
1.95128
1.95128
1.95128
1.95129
1.95129
1.95129
1.9513
1.9513
1.9513
1.95131
1.95131
1.95131
1.95132
1.95132
1.95132
1.95133
1.95133
1.95133
1.95134
1.95134
1.95134
1.95135
1.95135
1.95135
1.95136
1.95136
1.95136
1.95137
1.95137
1.95137
1.95138
1.95138
1.95138
1.95138
1.95139
1.95139
1.9514
1.9514
1.9514
1.95141
1.95141
1.95141
1.95142
1.95142
1.95142
1.95143
1.95143
1.95143
1.95144
1.95144
1.95144
1.95145
1.95145
1.95145
1.95146
1.95146
1.95146
1.95147
1.95147
1.95147
1.95148
1.95148
1.95148
1.95149
1.95149
1.95149
1.9515
1.9515
1.9515
1.9515
1.95151
1.95151
1.95151
1.95152
1.95152
1.95152
1.95153
1.95153
1.95153
1.95153
1.95154
1.95154
1.95154
1.95155
1.95155
1.95155
1.95155
1.95156
1.95156
1.95156
1.95157
1.95157
1.95157
1.95157
1.95158
1.95158
1.95158
1.95159
1.95159
1.95159
1.9516
1.9516
1.9516
1.95161
1.95161
1.95161
1.95162
1.95162
1.95162
1.95163
1.95163
1.95163
1.95164
1.95164
1.95164
1.95164
1.95165
1.95165
1.95165
1.95165
1.95166
1.95166
1.95167
1.95167
1.95167
1.95168
1.95168
1.95168
1.95169
1.95169
1.95169
1.9517
1.9517
1.9517
1.95171
1.95171
1.95171
1.95172
1.95172
1.95172
1.95173
1.95173
1.95173
1.95174
1.95174
1.95175
1.95175
1.95176
1.95176
1.95176
1.95177
1.95177
1.95177
1.95177
1.95178
1.95178
1.95178
1.95179
1.95179
1.95179
1.9518
1.9518
1.9518
1.9518
1.95181
1.95181
1.95181
1.95182
1.95182
1.95182
1.95183
1.95183
1.95183
1.95184
1.95184
1.95184
1.95185
1.95185
1.95185
1.95185
1.95186
1.95186
1.95186
1.95186
1.95187
1.95187
1.95187
1.95187
1.95188
1.95188
1.95188
1.95189
1.95189
1.95189
1.95189
1.9519
1.9519
1.9519
1.95191
1.95191
1.95191
1.95192
1.95192
1.95192
1.95192
1.95193
1.95193
1.95193
1.95193
1.95194
1.95194
1.95194
1.95194
1.95195
1.95195
1.95195
1.95195
1.95195
1.95196
1.95196
1.95196
1.95196
1.95197
1.95197
1.95197
1.95197
1.95197
1.95198
1.95198
1.95198
1.95198
1.95199
1.95199
1.95199
1.952
1.952
1.952
1.952
1.95201
1.95201
1.95202
1.95202
1.95202
1.95202
1.95203
1.95203
1.95203
1.95204
1.95204
1.95204
1.95205
1.95205
1.95205
1.95206
1.95206
1.95206
1.95207
1.95207
1.95207
1.95208
1.95208
1.95208
1.95209
1.95209
1.95209
1.9521
1.9521
1.9521
1.95211
1.95211
1.95211
1.95212
1.95212
1.95212
1.95213
1.95213
1.95213
1.95213
1.95214
1.95214
1.95215
1.95215
1.95215
1.95216
1.95216
1.95216
1.95217
1.95217
1.95217
1.95218
1.95218
1.95218
1.95219
1.95219
1.95219
1.9522
1.9522
1.9522
1.95221
1.95221
1.95221
1.95222
1.95222
1.95222
1.95222
1.95223
1.95223
1.95224
1.95224
1.95224
1.95224
1.95225
1.95225
1.95225
1.95226
1.95226
1.95227
1.95227
1.95227
1.95228
1.95228
1.95228
1.95229
1.95229
1.95229
1.95229
1.9523
1.9523
1.9523
1.95231
1.95231
1.95231
1.95232
1.95232
1.95232
1.95232
1.95233
1.95233
1.95233
1.95234
1.95234
1.95234
1.95234
1.95235
1.95235
1.95235
1.95235
1.95235
1.95236
1.95236
1.95236
1.95237
1.95237
1.95237
1.95238
1.95238
1.95238
1.95238
1.95239
1.95239
1.95239
1.9524
1.9524
1.9524
1.95241
1.95241
1.95241
1.95242
1.95242
1.95242
1.95243
1.95243
1.95243
1.95244
1.95244
1.95244
1.95244
1.95245
1.95245
1.95246
1.95246
1.95246
1.95246
1.95247
1.95247
1.95247
1.95248
1.95248
1.95248
1.95249
1.95249
1.95249
1.9525
1.9525
1.9525
1.95251
1.95251
1.95251
1.95252
1.95252
1.95252
1.95253
1.95253
1.95253
1.95254
1.95254
1.95254
1.95255
1.95255
1.95255
1.95256
1.95256
1.95256
1.95256
1.95257
1.95257
1.95257
1.95258
1.95258
1.95258
1.95259
1.95259
1.95259
1.95259
1.9526
1.9526
1.9526
1.9526
1.95261
1.95261
1.95261
1.95261
1.95262
1.95262
1.95262
1.95263
1.95263
1.95263
1.95263
1.95264
1.95264
1.95265
1.95265
1.95265
1.95265
1.95266
1.95266
1.95266
1.95266
1.95267
1.95267
1.95267
1.95267
1.95268
1.95268
1.95268
1.95269
1.95269
1.95269
1.9527
1.9527
1.9527
1.9527
1.95271
1.95271
1.95271
1.95271
1.95272
1.95272
1.95272
1.95273
1.95273
1.95273
1.95273
1.95274
1.95274
1.95274
1.95275
1.95275
1.95275
1.95276
1.95276
1.95276
1.95276
1.95276
1.95277
1.95277
1.95277
1.95277
1.95277
1.95278
1.95278
1.95278
1.95279
1.95279
1.95279
1.95279
1.9528
1.9528
1.9528
1.9528
1.95281
1.95281
1.95281
1.95281
1.95282
1.95282
1.95282
1.95283
1.95283
1.95283
1.95283
1.95284
1.95284
1.95284
1.95284
1.95285
1.95285
1.95285
1.95286
1.95286
1.95286
1.95287
1.95287
1.95287
1.95288
1.95288
1.95288
1.95289
1.95289
1.95289
1.95289
1.9529
1.9529
1.9529
1.9529
1.9529
1.95291
1.95291
1.95291
1.95291
1.95292
1.95292
1.95292
1.95293
1.95293
1.95293
1.95293
1.95294
1.95294
1.95294
1.95295
1.95295
1.95295
1.95295
1.95296
1.95296
1.95296
1.95297
1.95297
1.95297
1.95297
1.95298
1.95298
1.95298
1.95298
1.95299
1.95299
1.95299
1.953
1.953
1.953
1.953
1.95301
1.95301
1.95301
1.95301
1.95301
1.95302
1.95302
1.95302
1.95302
1.95303
1.95303
1.95303
1.95303
1.95304
1.95304
1.95304
1.95305
1.95305
1.95305
1.95305
1.95305
1.95306
1.95306
1.95306
1.95306
1.95307
1.95307
1.95307
1.95308
1.95308
1.95308
1.95308
1.95308
1.95309
1.95309
1.95309
1.95309
1.9531
1.9531
1.9531
1.9531
1.9531
1.95311
1.95311
1.95311
1.95312
1.95312
1.95312
1.95312
1.95312
1.95312
1.95313
1.95313
1.95313
1.95314
1.95314
1.95314
1.95314
1.95315
1.95315
1.95315
1.95315
1.95316
1.95316
1.95316
1.95316
1.95317
1.95317
1.95317
1.95317
1.95317
1.95318
1.95318
1.95318
1.95318
1.95319
1.95319
1.95319
1.95319
1.9532
1.9532
1.9532
1.9532
1.95321
1.95321
1.95321
1.95321
1.95322
1.95322
1.95322
1.95322
1.95323
1.95323
1.95323
1.95323
1.95324
1.95324
1.95324
1.95325
1.95325
1.95325
1.95325
1.95326
1.95326
1.95326
1.95327
1.95327
1.95327
1.95327
1.95328
1.95328
1.95328
1.95329
1.95329
1.95329
1.95329
1.9533
1.9533
1.9533
1.9533
1.95331
1.95331
1.95331
1.95332
1.95332
1.95332
1.95333
1.95333
1.95333
1.95334
1.95334
1.95334
1.95334
1.95335
1.95335
1.95335
1.95335
1.95336
1.95336
1.95336
1.95336
1.95336
1.95337
1.95337
1.95337
1.95337
1.95337
1.95338
1.95338
1.95338
1.95339
1.95339
1.95339
1.95339
1.9534
1.9534
1.9534
1.9534
1.9534
1.95341
1.95341
1.95341
1.95341
1.95342
1.95342
1.95342
1.95342
1.95343
1.95343
1.95343
1.95343
1.95344
1.95344
1.95344
1.95345
1.95345
1.95345
1.95345
1.95346
1.95346
1.95346
1.95346
1.95347
1.95347
1.95347
1.95348
1.95348
1.95348
1.95348
1.95348
1.95349
1.95349
1.95349
1.9535
1.9535
1.9535
1.9535
1.95351
1.95351
1.95351
1.95352
1.95352
1.95352
1.95352
1.95352
1.95353
1.95353
1.95353
1.95353
1.95354
1.95354
1.95354
1.95354
1.95355
1.95355
1.95355
1.95355
1.95356
1.95356
1.95356
1.95357
1.95357
1.95357
1.95358
1.95358
1.95358
1.95358
1.95359
1.95359
1.95359
1.95359
1.9536
1.9536
1.9536
1.9536
1.9536
1.95361
1.95361
1.95361
1.95362
1.95362
1.95362
1.95362
1.95363
1.95363
1.95363
1.95363
1.95364
1.95364
1.95364
1.95365
1.95365
1.95365
1.95365
1.95366
1.95366
1.95366
1.95366
1.95367
1.95367
1.95367
1.95368
1.95368
1.95368
1.95368
1.95369
1.95369
1.95369
1.9537
1.9537
1.9537
1.9537
1.95371
1.95371
1.95371
1.95372
1.95372
1.95372
1.95372
1.95373
1.95373
1.95373
1.95374
1.95374
1.95374
1.95374
1.95375
1.95375
1.95375
1.95375
1.95376
1.95376
1.95376
1.95376
1.95377
1.95377
1.95377
1.95377
1.95378
1.95378
1.95378
1.95378
1.95378
1.95379
1.95379
1.95379
1.95379
1.9538
1.9538
1.9538
1.95381
1.95381
1.95381
1.95381
1.95381
1.95381
1.95382
1.95382
1.95382
1.95382
1.95383
1.95383
1.95383
1.95383
1.95384
1.95384
1.95384
1.95384
1.95385
1.95385
1.95385
1.95386
1.95386
1.95386
1.95386
1.95386
1.95387
1.95387
1.95387
1.95388
1.95388
1.95388
1.95388
1.95389
1.95389
1.95389
1.9539
1.9539
1.9539
1.9539
1.95391
1.95391
1.95391
1.95391
1.95392
1.95392
1.95392
1.95392
1.95392
1.95393
1.95393
1.95393
1.95393
1.95394
1.95394
1.95394
1.95394
1.95395
1.95395
1.95395
1.95396
1.95396
1.95396
1.95396
1.95397
1.95397
1.95397
1.95397
1.95397
1.95398
1.95398
1.95398
1.95398
1.95399
1.95399
1.95399
1.954
1.954
1.954
1.95401
1.95401
1.95401
1.95401
1.95401
1.95402
1.95402
1.95402
1.95403
1.95403
1.95403
1.95404
1.95404
1.95404
1.95405
1.95405
1.95405
1.95405
1.95406
1.95406
1.95406
1.95406
1.95407
1.95407
1.95407
1.95407
1.95407
1.95408
1.95408
1.95408
1.95409
1.95409
1.95409
1.95409
1.9541
1.9541
1.9541
1.9541
1.95411
1.95411
1.95411
1.95411
1.95412
1.95412
1.95412
1.95412
1.95413
1.95413
1.95413
1.95413
1.95414
1.95414
1.95414
1.95414
1.95414
1.95415
1.95415
1.95415
1.95415
1.95416
1.95416
1.95416
1.95416
1.95416
1.95417
1.95417
1.95417
1.95417
1.95418
1.95418
1.95418
1.95418
1.95418
1.95419
1.95419
1.95419
1.95419
1.95419
1.9542
1.9542
1.9542
1.9542
1.9542
1.95421
1.95421
1.95421
1.95421
1.95421
1.95422
1.95422
1.95422
1.95422
1.95422
1.95423
1.95423
1.95423
1.95423
1.95423
1.95424
1.95424
1.95424
1.95424
1.95424
1.95425
1.95425
1.95425
1.95425
1.95426
1.95426
1.95426
1.95426
1.95427
1.95427
1.95427
1.95428
1.95428
1.95428
1.95428
1.95429
1.95429
1.95429
1.95429
1.95429
1.95429
1.9543
1.9543
1.9543
1.95431
1.95431
1.95431
1.95431
1.95432
1.95432
1.95432
1.95432
1.95433
1.95433
1.95433
1.95434
1.95434
1.95434
1.95435
1.95435
1.95435
1.95435
1.95436
1.95436
1.95436
1.95437
1.95437
1.95437
1.95438
1.95438
1.95438
1.95438
1.95439
1.95439
1.95439
1.95439
1.9544
1.9544
1.9544
1.9544
1.9544
1.9544
1.95441
1.95441
1.95441
1.95441
1.95442
1.95442
1.95442
1.95442
1.95443
1.95443
1.95443
1.95443
1.95444
1.95444
1.95444
1.95444
1.95444
1.95445
1.95445
1.95445
1.95445
1.95446
1.95446
1.95446
1.95446
1.95446
1.95447
1.95447
1.95447
1.95447
1.95448
1.95448
1.95448
1.95448
1.95448
1.95449
1.95449
1.95449
1.95449
1.95449
1.9545
1.9545
1.9545
1.95451
1.95451
1.95451
1.95451
1.95451
1.95451
1.95451
1.95452
1.95452
1.95452
1.95452
1.95452
1.95453
1.95453
1.95453
1.95453
1.95453
1.95454
1.95454
1.95454
1.95454
1.95454
1.95455
1.95455
1.95455
1.95455
1.95455
1.95456
1.95456
1.95456
1.95456
1.95457
1.95457
1.95457
1.95457
1.95458
1.95458
1.95458
1.95458
1.95458
1.95459
1.95459
1.95459
1.95459
1.9546
1.9546
1.9546
1.9546
1.95461
1.95461
1.95461
1.95461
1.95461
1.95462
1.95462
1.95462
1.95462
1.95462
1.95463
1.95463
1.95463
1.95463
1.95463
1.95463
1.95464
1.95464
1.95464
1.95465
1.95465
1.95465
1.95465
1.95466
1.95466
1.95466
1.95466
1.95467
1.95467
1.95467
1.95467
1.95468
1.95468
1.95468
1.95468
1.95469
1.95469
1.9547
1.9547
1.9547
1.9547
1.95471
1.95471
1.95471
1.95471
1.95471
1.95472
1.95472
1.95472
1.95472
1.95473
1.95473
1.95473
1.95473
1.95473
1.95474
1.95474
1.95474
1.95474
1.95475
1.95475
1.95475
1.95475
1.95475
1.95476
1.95476
1.95476
1.95476
1.95477
1.95477
1.95477
1.95477
1.95477
1.95478
1.95478
1.95478
1.95478
1.95478
1.95478
1.95478
1.95479
1.95479
1.95479
1.95479
1.95479
1.9548
1.9548
1.9548
1.9548
1.9548
1.95481
1.95481
1.95481
1.95481
1.95481
1.95481
1.95482
1.95482
1.95482
1.95482
1.95482
1.95482
1.95482
1.95483
1.95483
1.95483
1.95483
1.95484
1.95484
1.95484
1.95484
1.95484
1.95484
1.95484
1.95485
1.95485
1.95485
1.95485
1.95485
1.95486
1.95486
1.95486
1.95486
1.95486
1.95487
1.95487
1.95487
1.95487
1.95487
1.95487
1.95487
1.95488
1.95488
1.95488
1.95488
1.95489
1.95489
1.95489
1.95489
1.95489
1.9549
1.9549
1.9549
1.95491
1.95491
1.95491
1.95491
1.95492
1.95492
1.95492
1.95492
1.95492
1.95493
1.95493
1.95493
1.95493
1.95493
1.95494
1.95494
1.95494
1.95494
1.95494
1.95495
1.95495
1.95495
1.95495
1.95495
1.95496
1.95496
1.95496
1.95496
1.95496
1.95497
1.95497
1.95497
1.95497
1.95497
1.95498
1.95498
1.95498
1.95498
1.95498
1.95498
1.95499
1.95499
1.95499
1.95499
1.95499
1.955
1.955
1.955
1.955
1.955
1.955
1.95501
1.95501
1.95501
1.95501
1.95501
1.95502
1.95502
1.95502
1.95502
1.95502
1.95503
1.95503
1.95503
1.95503
1.95503
1.95504
1.95504
1.95504
1.95504
1.95504
1.95505
1.95505
1.95505
1.95505
1.95505
1.95505
1.95506
1.95506
1.95506
1.95506
1.95507
1.95507
1.95507
1.95507
1.95508
1.95508
1.95508
1.95508
1.95508
1.95508
1.95508
1.95509
1.95509
1.95509
1.95509
1.95509
1.9551
1.9551
1.9551
1.9551
1.9551
1.9551
1.95511
1.95511
1.95511
1.95511
1.95511
1.95511
1.95512
1.95512
1.95512
1.95512
1.95513
1.95513
1.95513
1.95513
1.95513
1.95514
1.95514
1.95514
1.95514
1.95514
1.95514
1.95515
1.95515
1.95515
1.95515
1.95515
1.95516
1.95516
1.95516
1.95516
1.95516
1.95517
1.95517
1.95517
1.95517
1.95517
1.95518
1.95518
1.95518
1.95518
1.95519
1.95519
1.95519
1.95519
1.9552
1.9552
1.9552
1.9552
1.9552
1.95521
1.95521
1.95521
1.95521
1.95522
1.95522
1.95522
1.95522
1.95522
1.95523
1.95523
1.95523
1.95523
1.95523
1.95524
1.95524
1.95524
1.95524
1.95525
1.95525
1.95525
1.95525
1.95525
1.95525
1.95526
1.95526
1.95526
1.95526
1.95526
1.95527
1.95527
1.95527
1.95527
1.95527
1.95527
1.95528
1.95528
1.95528
1.95528
1.95528
1.95529
1.95529
1.95529
1.95529
1.95529
1.95529
1.9553
1.9553
1.9553
1.9553
1.9553
1.95531
1.95531
1.95531
1.95531
1.95531
1.95531
1.95532
1.95532
1.95532
1.95532
1.95532
1.95532
1.95532
1.95533
1.95533
1.95533
1.95533
1.95533
1.95533
1.95533
1.95534
1.95534
1.95534
1.95534
1.95534
1.95535
1.95535
1.95535
1.95535
1.95535
1.95535
1.95536
1.95536
1.95536
1.95536
1.95536
1.95537
1.95537
1.95537
1.95537
1.95537
1.95537
1.95538
1.95538
1.95538
1.95538
1.95538
1.95539
1.95539
1.95539
1.95539
1.95539
1.95539
1.9554
1.9554
1.9554
1.9554
1.95541
1.95541
1.95541
1.95541
1.95541
1.95542
1.95542
1.95542
1.95542
1.95542
1.95542
1.95543
1.95543
1.95543
1.95543
1.95543
1.95544
1.95544
1.95544
1.95544
1.95544
1.95545
1.95545
1.95545
1.95545
1.95546
1.95546
1.95546
1.95546
1.95546
1.95547
1.95547
1.95547
1.95547
1.95547
1.95547
1.95548
1.95548
1.95548
1.95548
1.95548
1.95548
1.95549
1.95549
1.95549
1.95549
1.9555
1.9555
1.9555
1.9555
1.9555
1.9555
1.95551
1.95551
1.95551
1.95551
1.95551
1.95551
1.95552
1.95552
1.95552
1.95552
1.95552
1.95553
1.95553
1.95553
1.95553
1.95553
1.95554
1.95554
1.95554
1.95554
1.95554
1.95554
1.95555
1.95555
1.95555
1.95555
1.95555
1.95556
1.95556
1.95556
1.95556
1.95556
1.95556
1.95556
1.95556
1.95557
1.95557
1.95557
1.95557
1.95557
1.95557
1.95558
1.95558
1.95558
1.95558
1.95558
1.95558
1.95559
1.95559
1.95559
1.95559
1.95559
1.9556
1.9556
1.9556
1.9556
1.9556
1.9556
1.9556
1.95561
1.95561
1.95561
1.95561
1.95561
1.95561
1.95561
1.95561
1.95562
1.95562
1.95562
1.95562
1.95562
1.95562
1.95563
1.95563
1.95563
1.95563
1.95563
1.95563
1.95564
1.95564
1.95564
1.95564
1.95564
1.95564
1.95564
1.95565
1.95565
1.95565
1.95565
1.95565
1.95565
1.95566
1.95566
1.95566
1.95566
1.95566
1.95567
1.95567
1.95567
1.95567
1.95567
1.95567
1.95568
1.95568
1.95568
1.95568
1.95568
1.95568
1.95569
1.95569
1.95569
1.95569
1.95569
1.9557
1.9557
1.9557
1.9557
1.9557
1.95571
1.95571
1.95571
1.95571
1.95571
1.95571
1.95572
1.95572
1.95572
1.95572
1.95572
1.95572
1.95572
1.95573
1.95573
1.95573
1.95573
1.95573
1.95573
1.95574
1.95574
1.95574
1.95574
1.95574
1.95575
1.95575
1.95575
1.95575
1.95575
1.95575
1.95576
1.95576
1.95576
1.95576
1.95576
1.95577
1.95577
1.95577
1.95577
1.95577
1.95578
1.95578
1.95578
1.95578
1.95578
1.95578
1.95578
1.95579
1.95579
1.95579
1.95579
1.95579
1.95579
1.9558
1.9558
1.9558
1.9558
1.9558
1.9558
1.9558
1.95581
1.95581
1.95581
1.95581
1.95581
1.95581
1.95581
1.95582
1.95582
1.95582
1.95582
1.95582
1.95582
1.95582
1.95582
1.95583
1.95583
1.95583
1.95583
1.95583
1.95583
1.95584
1.95584
1.95584
1.95584
1.95584
1.95585
1.95585
1.95585
1.95585
1.95585
1.95585
1.95585
1.95585
1.95586
1.95586
1.95586
1.95586
1.95586
1.95586
1.95586
1.95586
1.95587
1.95587
1.95587
1.95587
1.95587
1.95587
1.95587
1.95587
1.95588
1.95588
1.95588
1.95588
1.95588
1.95588
1.95588
1.95588
1.95589
1.95589
1.95589
1.95589
1.95589
1.95589
1.95589
1.95589
1.9559
1.9559
1.9559
1.9559
1.9559
1.9559
1.9559
1.9559
1.95591
1.95591
1.95591
1.95591
1.95591
1.95591
1.95591
1.95592
1.95592
1.95592
1.95592
1.95592
1.95593
1.95593
1.95593
1.95593
1.95593
1.95593
1.95594
1.95594
1.95594
1.95594
1.95595
1.95595
1.95595
1.95595
1.95595
1.95595
1.95596
1.95596
1.95596
1.95596
1.95596
1.95596
1.95597
1.95597
1.95597
1.95597
1.95597
1.95598
1.95598
1.95598
1.95598
1.95598
1.95599
1.95599
1.95599
1.95599
1.95599
1.95599
1.956
1.956
1.956
1.956
1.956
1.956
1.95601
1.95601
1.95601
1.95601
1.95601
1.95601
1.95601
1.95602
1.95602
1.95602
1.95602
1.95602
1.95602
1.95602
1.95603
1.95603
1.95603
1.95603
1.95603
1.95603
1.95603
1.95604
1.95604
1.95604
1.95604
1.95604
1.95604
1.95604
1.95605
1.95605
1.95605
1.95605
1.95605
1.95606
1.95606
1.95606
1.95606
1.95606
1.95606
1.95606
1.95606
1.95606
1.95607
1.95607
1.95607
1.95607
1.95607
1.95607
1.95607
1.95608
1.95608
1.95608
1.95608
1.95608
1.95609
1.95609
1.95609
1.95609
1.95609
1.9561
1.9561
1.9561
1.9561
1.9561
1.9561
1.95611
1.95611
1.95611
1.95611
1.95611
1.95611
1.95612
1.95612
1.95612
1.95612
1.95612
1.95612
1.95612
1.95613
1.95613
1.95613
1.95613
1.95613
1.95614
1.95614
1.95614
1.95614
1.95614
1.95615
1.95615
1.95615
1.95615
1.95615
1.95615
1.95615
1.95616
1.95616
1.95616
1.95616
1.95616
1.95616
1.95617
1.95617
1.95617
1.95617
1.95617
1.95617
1.95617
1.95617
1.95617
1.95618
1.95618
1.95618
1.95618
1.95618
1.95618
1.95618
1.95618
1.95618
1.95619
1.95619
1.95619
1.95619
1.95619
1.95619
1.95619
1.9562
1.9562
1.9562
1.9562
1.9562
1.9562
1.9562
1.9562
1.95621
1.95621
1.95621
1.95621
1.95621
1.95621
1.95621
1.95622
1.95622
1.95622
1.95622
1.95622
1.95623
1.95623
1.95623
1.95623
1.95623
1.95624
1.95624
1.95624
1.95624
1.95624
1.95625
1.95625
1.95625
1.95625
1.95625
1.95625
1.95626
1.95626
1.95626
1.95626
1.95626
1.95626
1.95627
1.95627
1.95627
1.95627
1.95627
1.95627
1.95627
1.95628
1.95628
1.95628
1.95628
1.95628
1.95628
1.95628
1.95628
1.95629
1.95629
1.95629
1.95629
1.95629
1.95629
1.95629
1.95629
1.95629
1.9563
1.9563
1.9563
1.9563
1.9563
1.9563
1.9563
1.9563
1.95631
1.95631
1.95631
1.95631
1.95631
1.95631
1.95631
1.95631
1.95632
1.95632
1.95632
1.95632
1.95632
1.95632
1.95632
1.95632
1.95632
1.95632
1.95633
1.95633
1.95633
1.95633
1.95633
1.95633
1.95633
1.95633
1.95634
1.95634
1.95634

